149 Thu_May_30_00_00_00_EDT_2019 1559188800 5.21 5.42 4.92 4.93 231716
150 Fri_May_31_00_00_00_EDT_2019 1559275200 5.05 5.42 4.88 5.2 278812
153 Mon_Jun_03_00_00_00_EDT_2019 1559534400 5.25 5.39 5.11 5.33 147856
154 Tue_Jun_04_00_00_00_EDT_2019 1559620800 5.39 5.41 5.03 5.175 154416
155 Wed_Jun_05_00_00_00_EDT_2019 1559707200 5.2 5.2 4.8218 5.005 124420
156 Thu_Jun_06_00_00_00_EDT_2019 1559793600 4.98 5.04 4.84 4.92 102249
157 Fri_Jun_07_00_00_00_EDT_2019 1559880000 4.95 5.05 4.89 5 92290
160 Mon_Jun_10_00_00_00_EDT_2019 1560139200 5.02 5.1999 4.93 4.98 80225
161 Tue_Jun_11_00_00_00_EDT_2019 1560225600 5.02 5.14 4.65 4.69 274668
162 Wed_Jun_12_00_00_00_EDT_2019 1560312000 4.7 4.7 4.49 4.5 138074
163 Thu_Jun_13_00_00_00_EDT_2019 1560398400 4.52 4.62 4.45 4.49 294868
164 Fri_Jun_14_00_00_00_EDT_2019 1560484800 4.55 4.6 4.4 4.4 205420
167 Mon_Jun_17_00_00_00_EDT_2019 1560744000 4.42 4.55 4.36 4.37 203310
168 Tue_Jun_18_00_00_00_EDT_2019 1560830400 4.43 4.52 4.34 4.37 179583
169 Wed_Jun_19_00_00_00_EDT_2019 1560916800 4.36 4.555 4.26 4.49 224267
170 Thu_Jun_20_00_00_00_EDT_2019 1561003200 4.53 4.62 4.2 4.2 160790
171 Fri_Jun_21_00_00_00_EDT_2019 1561089600 4.21 4.37 4.07 4.23 176169
174 Mon_Jun_24_00_00_00_EDT_2019 1561348800 7.77 8.3236 5.61 5.95 24673312
175 Tue_Jun_25_00_00_00_EDT_2019 1561435200 5.71 5.89 5.45 5.57 2523805
176 Wed_Jun_26_00_00_00_EDT_2019 1561521600 5.6 5.705 5.12 5.39 992407
177 Thu_Jun_27_00_00_00_EDT_2019 1561608000 5.42 5.69 5.25 5.46 360774
178 Fri_Jun_28_00_00_00_EDT_2019 1561694400 5.697 5.82 5.49 5.61 603715
181 Mon_Jul_01_00_00_00_EDT_2019 1561953600 5.67 5.77 5.38 5.71 455055
182 Tue_Jul_02_00_00_00_EDT_2019 1562040000 5.76 6.36 5.6642 6.24 745933
183 Wed_Jul_03_00_00_00_EDT_2019 1562126400 6.25 6.87 6.25 6.8 738271
185 Fri_Jul_05_00_00_00_EDT_2019 1562299200 6.77 7.24 6.7115 6.81 872424
188 Mon_Jul_08_00_00_00_EDT_2019 1562558400 6.76 6.76 6.4 6.5 474676
189 Tue_Jul_09_00_00_00_EDT_2019 1562644800 6.53 6.94 6.53 6.89 474905
190 Wed_Jul_10_00_00_00_EDT_2019 1562731200 6.91 6.91 6.41 6.66 458258
191 Thu_Jul_11_00_00_00_EDT_2019 1562817600 6.74 6.75 6.57 6.67 268853
192 Fri_Jul_12_00_00_00_EDT_2019 1562904000 6.64 6.75 6.49 6.53 351204
195 Mon_Jul_15_00_00_00_EDT_2019 1563163200 6.56 6.56 6.4 6.46 240671
196 Tue_Jul_16_00_00_00_EDT_2019 1563249600 6.47 6.5 6.37 6.4 228593
197 Wed_Jul_17_00_00_00_EDT_2019 1563336000 6.37 6.57 6.36 6.54 265875