43 Wed_Feb_13_00_00_00_EST_2019 1550034000 7.41 7.63 7.23 7.23 845408
44 Thu_Feb_14_00_00_00_EST_2019 1550120400 7.38 7.95 7.21 7.58 469269
45 Fri_Feb_15_00_00_00_EST_2019 1550206800 7.65 8.08 7.605 7.715 824815
50 Wed_Feb_20_00_00_00_EST_2019 1550638800 7.58 7.78 7.41 7.47 444982
51 Thu_Feb_21_00_00_00_EST_2019 1550725200 7.46 7.46 7.01 7.07 483684
52 Fri_Feb_22_00_00_00_EST_2019 1550811600 7.37 8.05 7.27 8.01 540152
55 Mon_Feb_25_00_00_00_EST_2019 1551070800 8.1 8.3 7.78 7.81 560869
56 Tue_Feb_26_00_00_00_EST_2019 1551157200 7.8 8.06 7.6 7.77 350723
57 Wed_Feb_27_00_00_00_EST_2019 1551243600 7.83 9.06 7.81 8.14 1318279
58 Thu_Feb_28_00_00_00_EST_2019 1551330000 8.14 8.43 7.67 8.35 1087186
59 Fri_Mar_01_00_00_00_EST_2019 1551416400 8.43 8.58 8.12 8.54 1001108
62 Mon_Mar_04_00_00_00_EST_2019 1551675600 8.58 9.6 8.58 9.24 1243243
63 Tue_Mar_05_00_00_00_EST_2019 1551762000 9.22 9.43 8.85 9.05 733008
64 Wed_Mar_06_00_00_00_EST_2019 1551848400 9.1 9.1341 8.5 8.72 878215
65 Thu_Mar_07_00_00_00_EST_2019 1551934800 8.89 8.89 8.065 8.15 1419697
66 Fri_Mar_08_00_00_00_EST_2019 1552021200 8.07 8.26 7.86 7.98 862523
69 Mon_Mar_11_00_00_00_EDT_2019 1552276800 8 8.21 7.83 7.95 623130
70 Tue_Mar_12_00_00_00_EDT_2019 1552363200 7.95 8.07 7.66 7.69 948465
71 Wed_Mar_13_00_00_00_EDT_2019 1552449600 7.7 8.065 7.485 7.59 1053694
72 Thu_Mar_14_00_00_00_EDT_2019 1552536000 7.54 7.775 6.9 6.91 1352037
73 Fri_Mar_15_00_00_00_EDT_2019 1552622400 6.9 7.1638 6.74 6.83 1496862
76 Mon_Mar_18_00_00_00_EDT_2019 1552881600 13.36 14.91 11.3 12.61 39283656
77 Tue_Mar_19_00_00_00_EDT_2019 1552968000 12.75 14.38 11.81 14.13 14615703
78 Wed_Mar_20_00_00_00_EDT_2019 1553054400 13.86 14.39 13.53 13.66 8109115
79 Thu_Mar_21_00_00_00_EDT_2019 1553140800 13.92 13.92 12.81 13.62 3294608
80 Fri_Mar_22_00_00_00_EDT_2019 1553227200 13.4 13.79 12.84 12.99 1889479
83 Mon_Mar_25_00_00_00_EDT_2019 1553486400 13.15 13.92 13.01 13.89 1378392
84 Tue_Mar_26_00_00_00_EDT_2019 1553572800 13.94 14.25 13.49 13.63 1039006
85 Wed_Mar_27_00_00_00_EDT_2019 1553659200 13.8 14.22 12.73 13.02 1431637
86 Thu_Mar_28_00_00_00_EDT_2019 1553745600 13 13.37 12.86 13.19 913128
87 Fri_Mar_29_00_00_00_EDT_2019 1553832000 13.11 13.785 13.11 13.55 916916
90 Mon_Apr_01_00_00_00_EDT_2019 1554091200 13.99 13.99 13.05 13.2 603221
91 Tue_Apr_02_00_00_00_EDT_2019 1554177600 13.12 13.34 13 13.07 768815
92 Wed_Apr_03_00_00_00_EDT_2019 1554264000 13.13 13.86 13.06 13.79 746308
93 Thu_Apr_04_00_00_00_EDT_2019 1554350400 13.76 13.76 13.25 13.41 708775
94 Fri_Apr_05_00_00_00_EDT_2019 1554436800 13.42 14.84 13.405 14.57 2196821
97 Mon_Apr_08_00_00_00_EDT_2019 1554696000 14.6 15.48 14.6 14.82 2283818
98 Tue_Apr_09_00_00_00_EDT_2019 1554782400 14.69 14.96 14.35 14.77 887371
99 Wed_Apr_10_00_00_00_EDT_2019 1554868800 14.76 15.19 13.6 13.7 1218617
100 Thu_Apr_11_00_00_00_EDT_2019 1554955200 13.85 14.18 12.63 12.75 1387939
101 Fri_Apr_12_00_00_00_EDT_2019 1555041600 12.75 12.77 11.665 11.68 2033485
104 Mon_Apr_15_00_00_00_EDT_2019 1555300800 11.67 11.85 11.28 11.5 1256447
105 Tue_Apr_16_00_00_00_EDT_2019 1555387200 11.5 11.97 11.27 11.87 1152830
106 Wed_Apr_17_00_00_00_EDT_2019 1555473600 11.86 11.9 11.01 11.14 1779961
107 Thu_Apr_18_00_00_00_EDT_2019 1555560000 11.07 11.65 10.8 11.55 1851362
111 Mon_Apr_22_00_00_00_EDT_2019 1555905600 11.18 11.48 10.65 11.15 1533799
112 Tue_Apr_23_00_00_00_EDT_2019 1555992000 11.21 11.5 10.93 11.41 1197003