-31 Fri_Nov_30_00_00_00_EST_2018 1543554000 3.24 3.32 3.1999 3.25 41311
-28 Mon_Dec_03_00_00_00_EST_2018 1543813200 3.3 3.45 3.2 3.26 91579
-27 Tue_Dec_04_00_00_00_EST_2018 1543899600 3.26 3.46 3.17 3.2 92893
-25 Thu_Dec_06_00_00_00_EST_2018 1544072400 3.2 3.27 2.96 3.09 156676
-24 Fri_Dec_07_00_00_00_EST_2018 1544158800 3.1 3.2963 2.94 2.97 96764
-21 Mon_Dec_10_00_00_00_EST_2018 1544418000 3.5 3.62 3.12 3.39 1982483
-20 Tue_Dec_11_00_00_00_EST_2018 1544504400 3.2 3.49 3.05 3.46 400157
-19 Wed_Dec_12_00_00_00_EST_2018 1544590800 3.38 3.38 3.2206 3.23 170639
-18 Thu_Dec_13_00_00_00_EST_2018 1544677200 3.22 3.27 3.05 3.07 180655
-17 Fri_Dec_14_00_00_00_EST_2018 1544763600 3.01 3.11 2.9585 3 248963
-14 Mon_Dec_17_00_00_00_EST_2018 1545022800 3.01 3.0528 2.77 2.77 332229
-13 Tue_Dec_18_00_00_00_EST_2018 1545109200 2.85 2.85 2.51 2.64 201262
-12 Wed_Dec_19_00_00_00_EST_2018 1545195600 2.67 2.7 2.44 2.44 148941
-11 Thu_Dec_20_00_00_00_EST_2018 1545282000 2.44 2.47 2.22 2.24 592085
-10 Fri_Dec_21_00_00_00_EST_2018 1545368400 2.29 2.29 2.0101 2.19 394510
-7 Mon_Dec_24_00_00_00_EST_2018 1545627600 2.17 2.2 2.15 2.15 82671
-5 Wed_Dec_26_00_00_00_EST_2018 1545800400 2.15 2.15 1.96 2.05 453955
-4 Thu_Dec_27_00_00_00_EST_2018 1545886800 2.1 2.1228 1.94 2.01 526513
-3 Fri_Dec_28_00_00_00_EST_2018 1545973200 1.98 2.27 1.9702 2.17 265840
0 Mon_Dec_31_00_00_00_EST_2018 1546232400 2.21 2.85 2.21 2.85 580276
1 Wed_Jan_02_00_00_00_EST_2019 1546405200 2.81 2.88 2.64 2.67 440956
2 Thu_Jan_03_00_00_00_EST_2019 1546491600 2.69 2.7267 2.52 2.625 243128
3 Fri_Jan_04_00_00_00_EST_2019 1546578000 2.7 2.85 2.6 2.645 239389
6 Mon_Jan_07_00_00_00_EST_2019 1546837200 7.07 8.89 5.76 6.9201 47482315
7 Tue_Jan_08_00_00_00_EST_2019 1546923600 8.11 9.16 7.77 8.78 23550041
8 Wed_Jan_09_00_00_00_EST_2019 1547010000 8.34 8.3569 7.49 7.56 5719976
9 Thu_Jan_10_00_00_00_EST_2019 1547096400 7.2 7.8 6.06 7.3899 5324665
10 Fri_Jan_11_00_00_00_EST_2019 1547182800 7.25 7.88 7.2 7.37 2357010
13 Mon_Jan_14_00_00_00_EST_2019 1547442000 7.33 7.77 7.2 7.62 1601354
14 Tue_Jan_15_00_00_00_EST_2019 1547528400 7.52 8.2 7.01 7.91 2567639
15 Wed_Jan_16_00_00_00_EST_2019 1547614800 8.04 8.5 7.78 8.05 1392015
16 Thu_Jan_17_00_00_00_EST_2019 1547701200 7.91 8.5899 7.9 8.28 936085
17 Fri_Jan_18_00_00_00_EST_2019 1547787600 8.25 8.4 7.8 8.11 1150333
21 Tue_Jan_22_00_00_00_EST_2019 1548133200 8 8.84 7.8127 8.48 1447487
22 Wed_Jan_23_00_00_00_EST_2019 1548219600 8.59 9 8 8.31 1199163
23 Thu_Jan_24_00_00_00_EST_2019 1548306000 8.2 8.45 7.9 8.36 708877
24 Fri_Jan_25_00_00_00_EST_2019 1548392400 8.36 8.7 8.1 8.625 647099
27 Mon_Jan_28_00_00_00_EST_2019 1548651600 8.6 8.67 8.03 8.16 687785
28 Tue_Jan_29_00_00_00_EST_2019 1548738000 8.24 8.2559 7.63 8.13 693378
29 Wed_Jan_30_00_00_00_EST_2019 1548824400 8.19 8.45 7.7765 8.34 444454
30 Thu_Jan_31_00_00_00_EST_2019 1548910800 8.33 8.49 8.1855 8.37 327394
31 Fri_Feb_01_00_00_00_EST_2019 1548997200 8.42 9.5 8.305 9.18 1793461
34 Mon_Feb_04_00_00_00_EST_2019 1549256400 9.3 10.09 9.01 9.99 1553284
35 Tue_Feb_05_00_00_00_EST_2019 1549342800 10.05 10.2499 9.75 10.15 1308197
36 Wed_Feb_06_00_00_00_EST_2019 1549429200 10.27 10.8 9.25 9.55 2180911
37 Thu_Feb_07_00_00_00_EST_2019 1549515600 9.51 9.58 8.7 9.33 930615
38 Fri_Feb_08_00_00_00_EST_2019 1549602000 9.19 9.5 8.71 8.89 613192
41 Mon_Feb_11_00_00_00_EST_2019 1549861200 8.96 9.49 8.735 9.24 480581
