121 Thu_May_02_00_00_00_EDT_2019 1556769600 18.96 19.61 18.73 19.56 471795
122 Fri_May_03_00_00_00_EDT_2019 1556856000 19.57 20.08 19.43 19.75 653936
125 Mon_May_06_00_00_00_EDT_2019 1557115200 19.4 20.22 19.02 20.15 525011
126 Tue_May_07_00_00_00_EDT_2019 1557201600 19.9 20.04 18.79 19.02 1022789
127 Wed_May_08_00_00_00_EDT_2019 1557288000 18.78 19.47 17.92 19.12 676289
128 Thu_May_09_00_00_00_EDT_2019 1557374400 18.87 19.64 18.56 19.27 484206
129 Fri_May_10_00_00_00_EDT_2019 1557460800 19.06 19.73 18.71 18.81 842968
132 Mon_May_13_00_00_00_EDT_2019 1557720000 18.44 18.71 17.63 17.68 1137717
133 Tue_May_14_00_00_00_EDT_2019 1557806400 17.93 18.55 17.705 18.22 492060
134 Wed_May_15_00_00_00_EDT_2019 1557892800 18 18.83 17.82 18.71 468812
135 Thu_May_16_00_00_00_EDT_2019 1557979200 18.83 19.45 18.81 19.16 905049
136 Fri_May_17_00_00_00_EDT_2019 1558065600 18.99 19.84 18.99 19.02 648772
139 Mon_May_20_00_00_00_EDT_2019 1558324800 18.94 18.94 18.1 18.2 587260
140 Tue_May_21_00_00_00_EDT_2019 1558411200 18.37 19.1373 18.26 19 443994
141 Wed_May_22_00_00_00_EDT_2019 1558497600 19 19.1 18.285 18.95 460650
142 Thu_May_23_00_00_00_EDT_2019 1558584000 18.75 18.99 18.31 18.45 385335
143 Fri_May_24_00_00_00_EDT_2019 1558670400 18.48 18.82 17.6173 18.05 1120909
147 Tue_May_28_00_00_00_EDT_2019 1559016000 18.07 18.35 17.8 17.98 362499
148 Wed_May_29_00_00_00_EDT_2019 1559102400 20.48 21.81 19.79 21.57 6018938
149 Thu_May_30_00_00_00_EDT_2019 1559188800 20.9 21.93 20.651 21.4 1241803
150 Fri_May_31_00_00_00_EDT_2019 1559275200 20.94 21.32 20.3302 20.55 639889
153 Mon_Jun_03_00_00_00_EDT_2019 1559534400 20.34 20.92 19.9 20.23 740623
154 Tue_Jun_04_00_00_00_EDT_2019 1559620800 20.61 20.89 20.19 20.48 494228
155 Wed_Jun_05_00_00_00_EDT_2019 1559707200 20.57 20.6475 19.88 20.43 592765
156 Thu_Jun_06_00_00_00_EDT_2019 1559793600 20.41 20.41 19.81 20.09 330277
157 Fri_Jun_07_00_00_00_EDT_2019 1559880000 20.16 20.2849 19.9 20.03 380399
160 Mon_Jun_10_00_00_00_EDT_2019 1560139200 20.19 20.585 20.14 20.31 488284
161 Tue_Jun_11_00_00_00_EDT_2019 1560225600 20.45 20.6035 19.7 19.81 485789
162 Wed_Jun_12_00_00_00_EDT_2019 1560312000 19.77 19.89 19.29 19.62 463669
163 Thu_Jun_13_00_00_00_EDT_2019 1560398400 19.74 20.01 19.38 19.95 1634399
164 Fri_Jun_14_00_00_00_EDT_2019 1560484800 19.97 20.13 19.35 19.355 738742
167 Mon_Jun_17_00_00_00_EDT_2019 1560744000 19.58 19.86 18.97 19.81 399861
168 Tue_Jun_18_00_00_00_EDT_2019 1560830400 19.98 20.35 19.73 19.83 486636