211 Wed_Jul_31_00_00_00_EDT_2019 1564545600 5.8 5.89 5.25 5.61 265213
212 Thu_Aug_01_00_00_00_EDT_2019 1564632000 5.62 5.82 5.1 5.15 217058
213 Fri_Aug_02_00_00_00_EDT_2019 1564718400 5.16 5.25 4.86 5.09 153899
216 Mon_Aug_05_00_00_00_EDT_2019 1564977600 5.01 5.12 4.61 5.11 225932
217 Tue_Aug_06_00_00_00_EDT_2019 1565064000 5.17 5.3688 4.8 5 84574
218 Wed_Aug_07_00_00_00_EDT_2019 1565150400 4.92 4.9399 4.67 4.78 96746
219 Thu_Aug_08_00_00_00_EDT_2019 1565236800 4.75 5.18 4.7235 5.01 207028
220 Fri_Aug_09_00_00_00_EDT_2019 1565323200 5.38 5.8248 5.25 5.46 225717
223 Mon_Aug_12_00_00_00_EDT_2019 1565582400 5.5 5.5 4.88 5 270273
224 Tue_Aug_13_00_00_00_EDT_2019 1565668800 4.97 5.25 4.8 4.8 127910
225 Wed_Aug_14_00_00_00_EDT_2019 1565755200 4.8 4.98 4.57 4.75 169318
226 Thu_Aug_15_00_00_00_EDT_2019 1565841600 4.75 4.87 4.52 4.525 131333
227 Fri_Aug_16_00_00_00_EDT_2019 1565928000 4.57 4.8 4.55 4.61 91080
230 Mon_Aug_19_00_00_00_EDT_2019 1566187200 4.69 4.95 4.54 4.84 123379
231 Tue_Aug_20_00_00_00_EDT_2019 1566273600 3.37 3.58 3.15 3.49 1521710
232 Wed_Aug_21_00_00_00_EDT_2019 1566360000 3.3 3.34 3.16 3.21 520027
233 Thu_Aug_22_00_00_00_EDT_2019 1566446400 3.21 3.31 2.905 3.13 534753
234 Fri_Aug_23_00_00_00_EDT_2019 1566532800 3.12 3.29 3.08 3.27 344521
237 Mon_Aug_26_00_00_00_EDT_2019 1566792000 3.3 3.33 3.17 3.21 249593
238 Tue_Aug_27_00_00_00_EDT_2019 1566878400 3.24 3.4 3.17 3.23 162261
239 Wed_Aug_28_00_00_00_EDT_2019 1566964800 3.23 3.33 3.07 3.15 161624
240 Thu_Aug_29_00_00_00_EDT_2019 1567051200 3.17 3.23 2.96 3.01 166857
241 Fri_Aug_30_00_00_00_EDT_2019 1567137600 2.98 3 2.742 2.79 319001
245 Tue_Sep_03_00_00_00_EDT_2019 1567483200 2.74 2.855 2.62 2.71 282490
246 Wed_Sep_04_00_00_00_EDT_2019 1567569600 2.76 2.84 2.44 2.48 310477
247 Thu_Sep_05_00_00_00_EDT_2019 1567656000 2.5 2.59 2.38 2.55 227205
248 Fri_Sep_06_00_00_00_EDT_2019 1567742400 2.56 2.6 2.32 2.35 217203
251 Mon_Sep_09_00_00_00_EDT_2019 1568001600 2.39 2.56 2.31 2.51 177265
252 Tue_Sep_10_00_00_00_EDT_2019 1568088000 2.49 2.75 2.49 2.64 223166
253 Wed_Sep_11_00_00_00_EDT_2019 1568174400 2.7 2.75 2.55 2.6 126028
254 Thu_Sep_12_00_00_00_EDT_2019 1568260800 2.6 2.69 2.48 2.62 96304
255 Fri_Sep_13_00_00_00_EDT_2019 1568347200 2.66 2.7236 2.56 2.59 64986
258 Mon_Sep_16_00_00_00_EDT_2019 1568606400 2.6 2.74 2.5 2.53 108342
259 Tue_Sep_17_00_00_00_EDT_2019 1568692800 2.55 2.625 2.41 2.43 103853
260 Wed_Sep_18_00_00_00_EDT_2019 1568779200 2.42 2.48 2.3101 2.44 160890