213 Fri_Aug_02_00_00_00_EDT_2019 1564718400 12.69 12.86 11.075 11.16 1282467
216 Mon_Aug_05_00_00_00_EDT_2019 1564977600 11.01 11.44 10.89 11.23 1138747
217 Tue_Aug_06_00_00_00_EDT_2019 1565064000 11.3 12.07 11.18 12.01 692171
218 Wed_Aug_07_00_00_00_EDT_2019 1565150400 11.73 12.2899 11.62 11.71 562472
219 Thu_Aug_08_00_00_00_EDT_2019 1565236800 11.92 12.44 11.51 12.34 1001732
220 Fri_Aug_09_00_00_00_EDT_2019 1565323200 12.25 12.5 10.86 11.56 1792846
223 Mon_Aug_12_00_00_00_EDT_2019 1565582400 11.57 12.42 11.405 11.47 2433066
224 Tue_Aug_13_00_00_00_EDT_2019 1565668800 11.42 11.812 10.5543 11.605 1484112
225 Wed_Aug_14_00_00_00_EDT_2019 1565755200 11.54 12.34 11.32 12.26 1147556
226 Thu_Aug_15_00_00_00_EDT_2019 1565841600 12.25 12.71 12.0673 12.46 759472
227 Fri_Aug_16_00_00_00_EDT_2019 1565928000 12.52 13.42 12.4242 13.41 1438412
230 Mon_Aug_19_00_00_00_EDT_2019 1566187200 13.6 13.87 12.89 12.9 1102271
231 Tue_Aug_20_00_00_00_EDT_2019 1566273600 12.85 12.89 11.51 11.59 1064362
232 Wed_Aug_21_00_00_00_EDT_2019 1566360000 11.77 11.97 11.37 11.85 621560
233 Thu_Aug_22_00_00_00_EDT_2019 1566446400 11.8 11.85 10.785 10.9849 894224
234 Fri_Aug_23_00_00_00_EDT_2019 1566532800 10.87 11.2527 10.44 10.55 1139791
237 Mon_Aug_26_00_00_00_EDT_2019 1566792000 10.78 10.78 10.37 10.73 532435
238 Tue_Aug_27_00_00_00_EDT_2019 1566878400 10.79 10.835 10.29 10.4 738732
239 Wed_Aug_28_00_00_00_EDT_2019 1566964800 10.35 11.0056 10.16 10.69 463819
240 Thu_Aug_29_00_00_00_EDT_2019 1567051200 10.82 11.02 10.66 10.89 428388
241 Fri_Aug_30_00_00_00_EDT_2019 1567137600 10.93 10.93 10.2 10.33 814262
245 Tue_Sep_03_00_00_00_EDT_2019 1567483200 10.24 10.56 10.21 10.39 876362
246 Wed_Sep_04_00_00_00_EDT_2019 1567569600 10.52 11.49 10.05 11.36 1687223
247 Thu_Sep_05_00_00_00_EDT_2019 1567656000 11.47 12.15 11.19 12.05 1956109
248 Fri_Sep_06_00_00_00_EDT_2019 1567742400 12.08 12.97 12 12.12 2315240
251 Mon_Sep_09_00_00_00_EDT_2019 1568001600 12.21 12.53 11.545 12.45 1361545
252 Tue_Sep_10_00_00_00_EDT_2019 1568088000 12.41 12.4327 11.56 11.59 1744955
253 Wed_Sep_11_00_00_00_EDT_2019 1568174400 11.97 12.15 11.36 11.98 1863331
254 Thu_Sep_12_00_00_00_EDT_2019 1568260800 8.77 9.76 5.75 5.95 19157102
255 Fri_Sep_13_00_00_00_EDT_2019 1568347200 6.07 6.13 5.01 5.78 11172952
258 Mon_Sep_16_00_00_00_EDT_2019 1568606400 5.5 6.34 5.4147 6.28 3158578
259 Tue_Sep_17_00_00_00_EDT_2019 1568692800 6.07 6.31 5.89 6.22 1893578
260 Wed_Sep_18_00_00_00_EDT_2019 1568779200 6.08 6.225 5.95 6.18 1709424
261 Thu_Sep_19_00_00_00_EDT_2019 1568865600 6.17 6.52 6.06 6.17 1691315
262 Fri_Sep_20_00_00_00_EDT_2019 1568952000 6.19 6.67 5.94 6.46 2777600
265 Mon_Sep_23_00_00_00_EDT_2019 1569211200 6.46 6.69 5.73 5.76 1719820
266 Tue_Sep_24_00_00_00_EDT_2019 1569297600 5.81 5.84 5.375 5.58 1385418
267 Wed_Sep_25_00_00_00_EDT_2019 1569384000 5.5268 5.65 5.33 5.49 808880
268 Thu_Sep_26_00_00_00_EDT_2019 1569470400 5.47 5.54 5.16 5.24 849243
269 Fri_Sep_27_00_00_00_EDT_2019 1569556800 5.25 5.98 5.19 5.43 1866179
272 Mon_Sep_30_00_00_00_EDT_2019 1569816000 5.42 5.6 5.29 5.46 858992
273 Tue_Oct_01_00_00_00_EDT_2019 1569902400 5.5 5.6 5.145 5.255 1135049
274 Wed_Oct_02_00_00_00_EDT_2019 1569988800 5.2 5.66 5.03 5.625 1158542
275 Thu_Oct_03_00_00_00_EDT_2019 1570075200 5.63 5.65 5.33 5.56 1000645
276 Fri_Oct_04_00_00_00_EDT_2019 1570161600 5.57 5.93 5.55 5.57 1412523