175 Tue_Jun_25_00_00_00_EDT_2019 1561435200 4.22 4.48 4.11 4.22 462745
176 Wed_Jun_26_00_00_00_EDT_2019 1561521600 4.28 4.3 4.08 4.13 206938
177 Thu_Jun_27_00_00_00_EDT_2019 1561608000 4.15 4.28 4.05 4.26 188556
178 Fri_Jun_28_00_00_00_EDT_2019 1561694400 4.29 4.4 4.19 4.34 110213
181 Mon_Jul_01_00_00_00_EDT_2019 1561953600 4.48 4.48 4.1 4.13 186854
182 Tue_Jul_02_00_00_00_EDT_2019 1562040000 4.15 4.15 3.9 3.99 285301
183 Wed_Jul_03_00_00_00_EDT_2019 1562126400 3.97 4 3.91 3.96 57018
185 Fri_Jul_05_00_00_00_EDT_2019 1562299200 3.99 4 3.88 3.94 74250
188 Mon_Jul_08_00_00_00_EDT_2019 1562558400 3.94 3.94 3.66 3.69 1045834
189 Tue_Jul_09_00_00_00_EDT_2019 1562644800 3.7 3.7824 3.66 3.73 373881
190 Wed_Jul_10_00_00_00_EDT_2019 1562731200 3.75 4.365 3.6 4.21 1870370
191 Thu_Jul_11_00_00_00_EDT_2019 1562817600 4.24 4.3 3.96 3.9759 272966
192 Fri_Jul_12_00_00_00_EDT_2019 1562904000 4.01 4.11 3.86 3.89 260873
195 Mon_Jul_15_00_00_00_EDT_2019 1563163200 3.93 3.99 3.6 3.62 304814
196 Tue_Jul_16_00_00_00_EDT_2019 1563249600 3.65 3.6699 3.1 3.385 1253400
197 Wed_Jul_17_00_00_00_EDT_2019 1563336000 3.4 3.46 3.155 3.17 191314
198 Thu_Jul_18_00_00_00_EDT_2019 1563422400 3.18 3.39 3.16 3.38 276728
199 Fri_Jul_19_00_00_00_EDT_2019 1563508800 3.43 3.4382 2.99 2.99 376890
202 Mon_Jul_22_00_00_00_EDT_2019 1563768000 0.54 0.6299 0.45 0.5478 14813805
203 Tue_Jul_23_00_00_00_EDT_2019 1563854400 0.549 0.61 0.535 0.5433 4968711
204 Wed_Jul_24_00_00_00_EDT_2019 1563940800 0.5416 0.5427 0.47 0.5186 2756684
205 Thu_Jul_25_00_00_00_EDT_2019 1564027200 0.53 0.53 0.485 0.505 1467998
206 Fri_Jul_26_00_00_00_EDT_2019 1564113600 0.5 0.5 0.4618 0.488 1317200
209 Mon_Jul_29_00_00_00_EDT_2019 1564372800 0.47 0.489 0.44 0.465 1836652
210 Tue_Jul_30_00_00_00_EDT_2019 1564459200 0.46 0.4619 0.4249 0.45 1068402
211 Wed_Jul_31_00_00_00_EDT_2019 1564545600 0.441 0.48 0.4351 0.478 822093
212 Thu_Aug_01_00_00_00_EDT_2019 1564632000 0.4807 0.509868 0.4577 0.4693 1053580
213 Fri_Aug_02_00_00_00_EDT_2019 1564718400 0.52 0.6799 0.4678 0.5075 8356500
216 Mon_Aug_05_00_00_00_EDT_2019 1564977600 0.525 0.525 0.4453 0.468 1702107
217 Tue_Aug_06_00_00_00_EDT_2019 1565064000 0.47 0.49 0.455 0.485 852246
218 Wed_Aug_07_00_00_00_EDT_2019 1565150400 0.4785 0.49 0.44 0.4722 781575
219 Thu_Aug_08_00_00_00_EDT_2019 1565236800 0.4416 0.518 0.4416 0.4699 933015
220 Fri_Aug_09_00_00_00_EDT_2019 1565323200 0.4749 0.4749 0.435 0.4579 1050714
223 Mon_Aug_12_00_00_00_EDT_2019 1565582400 0.4595 0.46 0.4336 0.434 600676