51 Thu_Feb_21_00_00_00_EST_2019 1550725200 3.1 3.23 2.96 3.02 220994
52 Fri_Feb_22_00_00_00_EST_2019 1550811600 2.97 3.25 2.81 2.85 122080
55 Mon_Feb_25_00_00_00_EST_2019 1551070800 2.9 3.2 2.76 2.99 161380
56 Tue_Feb_26_00_00_00_EST_2019 1551157200 3.01 3.4 3.01 3.22 335347
57 Wed_Feb_27_00_00_00_EST_2019 1551243600 3.2 3.43 2.99 2.99 863246
58 Thu_Feb_28_00_00_00_EST_2019 1551330000 2.99 3.31 2.86 2.92 286243
59 Fri_Mar_01_00_00_00_EST_2019 1551416400 3.02 3.28 2.8869 2.92 301828
62 Mon_Mar_04_00_00_00_EST_2019 1551675600 3.04 3.25 2.78 2.78 382825
63 Tue_Mar_05_00_00_00_EST_2019 1551762000 2.79 3.25 2.61 3.03 480451
64 Wed_Mar_06_00_00_00_EST_2019 1551848400 3.03 3.21 2.94 2.95 235471
65 Thu_Mar_07_00_00_00_EST_2019 1551934800 2.99 3.1 2.7678 3.1 267762
66 Fri_Mar_08_00_00_00_EST_2019 1552021200 3.09 3.5 2.92 3.5 363899
69 Mon_Mar_11_00_00_00_EDT_2019 1552276800 3.55 3.68 3.42 3.6 209595
70 Tue_Mar_12_00_00_00_EDT_2019 1552363200 3.65 4.03 3.51 3.67 215943
71 Wed_Mar_13_00_00_00_EDT_2019 1552449600 3.76 4.07 3.6599 4.03 325461
72 Thu_Mar_14_00_00_00_EDT_2019 1552536000 4.05 4.13 4 4.12 6304
73 Fri_Mar_15_00_00_00_EDT_2019 1552622400 4.1 4.16 3.81 4.15 509488
76 Mon_Mar_18_00_00_00_EDT_2019 1552881600 1.4 1.41 1.2 1.21 6201861
77 Tue_Mar_19_00_00_00_EDT_2019 1552968000 1.27 1.27 1.1 1.12 2959783
78 Wed_Mar_20_00_00_00_EDT_2019 1553054400 1.15 1.15 1 1.05 2859540
79 Thu_Mar_21_00_00_00_EDT_2019 1553140800 1.06 1.12 1.03 1.07 1517170
80 Fri_Mar_22_00_00_00_EDT_2019 1553227200 1.08 1.12 1.04 1.1 803719
83 Mon_Mar_25_00_00_00_EDT_2019 1553486400 1.1 1.12 1.055 1.12 455579
84 Tue_Mar_26_00_00_00_EDT_2019 1553572800 1.1 1.1046 0.9901 1 1034974
85 Wed_Mar_27_00_00_00_EDT_2019 1553659200 1.02 1.03 0.99 0.99 545231
86 Thu_Mar_28_00_00_00_EDT_2019 1553745600 1 1 0.92 0.96 958594
87 Fri_Mar_29_00_00_00_EDT_2019 1553832000 0.96 0.96 0.88 0.901 682873
90 Mon_Apr_01_00_00_00_EDT_2019 1554091200 0.91 0.9924 0.9011 0.9924 514438
91 Tue_Apr_02_00_00_00_EDT_2019 1554177600 0.96 1 0.925 0.9999 552594
92 Wed_Apr_03_00_00_00_EDT_2019 1554264000 0.99 1.02 0.9306 1.0099 608114
93 Thu_Apr_04_00_00_00_EDT_2019 1554350400 1.02 1.03 0.981 1 290448
94 Fri_Apr_05_00_00_00_EDT_2019 1554436800 0.99 1.06 0.99 1.03 250984
97 Mon_Apr_08_00_00_00_EDT_2019 1554696000 1.08 1.08 1 1.01 312655