94 Fri_Apr_05_00_00_00_EDT_2019 1554436800 24.55 24.95 24.23 24.34 27986
97 Mon_Apr_08_00_00_00_EDT_2019 1554696000 24.38 24.98 23.63 23.67 30351
98 Tue_Apr_09_00_00_00_EDT_2019 1554782400 23.6 24.22 22.72 22.88 85246
99 Wed_Apr_10_00_00_00_EDT_2019 1554868800 22.9 22.9 21.59 21.88 52105
100 Thu_Apr_11_00_00_00_EDT_2019 1554955200 21.92 22.15 20.61 20.92 53954
101 Fri_Apr_12_00_00_00_EDT_2019 1555041600 21.39 21.5 20.03 20.43 156938
104 Mon_Apr_15_00_00_00_EDT_2019 1555300800 20.45 21.135 20.01 20.93 140205
105 Tue_Apr_16_00_00_00_EDT_2019 1555387200 20.99 21.1 19.85 19.95 89195
106 Wed_Apr_17_00_00_00_EDT_2019 1555473600 20.06 20.06 19.08 19.3 124479
107 Thu_Apr_18_00_00_00_EDT_2019 1555560000 19.35 19.69 18.26 18.39 79119
111 Mon_Apr_22_00_00_00_EDT_2019 1555905600 18.51 19.4 18.24 19.11 235461
112 Tue_Apr_23_00_00_00_EDT_2019 1555992000 19.35 19.55 18.21 18.57 69586
113 Wed_Apr_24_00_00_00_EDT_2019 1556078400 18.5 18.85 17.89 17.92 48060
114 Thu_Apr_25_00_00_00_EDT_2019 1556164800 17.91 18.27 17.09 18.16 133658
115 Fri_Apr_26_00_00_00_EDT_2019 1556251200 18.1 18.28 17.5 17.59 57231
118 Mon_Apr_29_00_00_00_EDT_2019 1556510400 17.6 18.48 17.435 17.99 121006
119 Tue_Apr_30_00_00_00_EDT_2019 1556596800 18 18.36 16.83 16.95 143944
120 Wed_May_01_00_00_00_EDT_2019 1556683200 17.23 18 16.5728 17.59 184798
121 Thu_May_02_00_00_00_EDT_2019 1556769600 17.59 17.735 17.35 17.6 69519
122 Fri_May_03_00_00_00_EDT_2019 1556856000 17.66 18.08 17.56 17.67 69381
125 Mon_May_06_00_00_00_EDT_2019 1557115200 17.68 18.7 17.68 18.53 50012
126 Tue_May_07_00_00_00_EDT_2019 1557201600 18.36 18.7 18.07 18.2 99161
127 Wed_May_08_00_00_00_EDT_2019 1557288000 18.16 18.3 17.88 18.11 103392
128 Thu_May_09_00_00_00_EDT_2019 1557374400 18.04 18.04 17.2 17.61 83503
129 Fri_May_10_00_00_00_EDT_2019 1557460800 17.75 18.19 17.62 17.8 45275
132 Mon_May_13_00_00_00_EDT_2019 1557720000 17.49 17.61 16.89 17.26 45745
133 Tue_May_14_00_00_00_EDT_2019 1557806400 13.65 14.2375 11.6499 12.8136 1630263
134 Wed_May_15_00_00_00_EDT_2019 1557892800 13.3 13.93 13.12 13.51 544438
135 Thu_May_16_00_00_00_EDT_2019 1557979200 13.44 13.83 12.47 12.81 171651
136 Fri_May_17_00_00_00_EDT_2019 1558065600 12.73 12.81 12.26 12.47 192891
139 Mon_May_20_00_00_00_EDT_2019 1558324800 12.38 12.59 11.72 12.53 230117
140 Tue_May_21_00_00_00_EDT_2019 1558411200 12.52 12.97 12.33 12.79 60031
141 Wed_May_22_00_00_00_EDT_2019 1558497600 12.84 12.99 12.57 12.88 65048
142 Thu_May_23_00_00_00_EDT_2019 1558584000 12.61 12.94 12.25 12.88 147087
143 Fri_May_24_00_00_00_EDT_2019 1558670400 12.98 12.98 12.26 12.37 121652
147 Tue_May_28_00_00_00_EDT_2019 1559016000 12.4 12.4 11.72 11.9 269378
148 Wed_May_29_00_00_00_EDT_2019 1559102400 11.97 12.13 11 12.01 147970
149 Thu_May_30_00_00_00_EDT_2019 1559188800 11.03 11.03 8.98 8.99 1947978
150 Fri_May_31_00_00_00_EDT_2019 1559275200 9.885 9.89 9.82 9.83 47510
153 Mon_Jun_03_00_00_00_EDT_2019 1559534400 9.81 9.94 8.69 8.73 984440
154 Tue_Jun_04_00_00_00_EDT_2019 1559620800 8.74 9.765 8.74 9.75 480286
155 Wed_Jun_05_00_00_00_EDT_2019 1559707200 9.77 10.09 9.33 9.86 478758
156 Thu_Jun_06_00_00_00_EDT_2019 1559793600 9.82 9.8748 9.07 9.24 221924
157 Fri_Jun_07_00_00_00_EDT_2019 1559880000 9.53 9.77 9.33 9.76 215105
160 Mon_Jun_10_00_00_00_EDT_2019 1560139200 9.75 9.85 9.19 9.21 153573
161 Tue_Jun_11_00_00_00_EDT_2019 1560225600 9.26 9.2677 8.73 8.89 185002
162 Wed_Jun_12_00_00_00_EDT_2019 1560312000 9.18 9.18 8.8 8.93 157176
163 Thu_Jun_13_00_00_00_EDT_2019 1560398400 8.96 9.1 8.52 8.99 203560
164 Fri_Jun_14_00_00_00_EDT_2019 1560484800 8.9 9.13 8.58 8.68 219151
