162 Wed_Jun_12_00_00_00_EDT_2019 1560312000 10.65 12.03 10.64 11.83 607242
163 Thu_Jun_13_00_00_00_EDT_2019 1560398400 12.13 12.88 11.8431 12.86 1937511
164 Fri_Jun_14_00_00_00_EDT_2019 1560484800 12.74 13.5396 12.5 12.5 776424
167 Mon_Jun_17_00_00_00_EDT_2019 1560744000 12.73 14.35 12.61 14.14 983188
168 Tue_Jun_18_00_00_00_EDT_2019 1560830400 14.15 14.41 13.74 13.92 557947
169 Wed_Jun_19_00_00_00_EDT_2019 1560916800 13.91 14.29 13.7 14.1 582338
170 Thu_Jun_20_00_00_00_EDT_2019 1561003200 14.31 14.34 12.45 12.9 1065749
171 Fri_Jun_21_00_00_00_EDT_2019 1561089600 13.06 13.55 12.54 13.28 906172
174 Mon_Jun_24_00_00_00_EDT_2019 1561348800 13.2 13.32 12.31 12.6499 777024
175 Tue_Jun_25_00_00_00_EDT_2019 1561435200 12.77 13.51 12.75 13.05 623970
176 Wed_Jun_26_00_00_00_EDT_2019 1561521600 13.05 13.29 12.61 12.61 243352
177 Thu_Jun_27_00_00_00_EDT_2019 1561608000 12.68 13.05 12.64 12.71 218817
178 Fri_Jun_28_00_00_00_EDT_2019 1561694400 12.77 13.0309 12.77 12.98 257528
181 Mon_Jul_01_00_00_00_EDT_2019 1561953600 13.23 14.15 13.06 14.05 1039911
182 Tue_Jul_02_00_00_00_EDT_2019 1562040000 14.6 14.73 13.72 13.94 899021
183 Wed_Jul_03_00_00_00_EDT_2019 1562126400 14.05 14.16 13.39 13.59 523784
185 Fri_Jul_05_00_00_00_EDT_2019 1562299200 13.68 13.7 13.2 13.45 773617
188 Mon_Jul_08_00_00_00_EDT_2019 1562558400 10.98 11.7 10.09 11.7 10416301
189 Tue_Jul_09_00_00_00_EDT_2019 1562644800 11.6 11.93 11.11 11.37 1728697
190 Wed_Jul_10_00_00_00_EDT_2019 1562731200 11.45 11.5186 10.61 11.09 1188457
191 Thu_Jul_11_00_00_00_EDT_2019 1562817600 11.07 11.11 10.405 10.67 1081582
192 Fri_Jul_12_00_00_00_EDT_2019 1562904000 10.7 11.38 10.6447 11.19 1120259
195 Mon_Jul_15_00_00_00_EDT_2019 1563163200 11.19 11.6 11.14 11.42 916351
196 Tue_Jul_16_00_00_00_EDT_2019 1563249600 11.42 11.8737 11.31 11.61 1461080
197 Wed_Jul_17_00_00_00_EDT_2019 1563336000 11.62 11.97 11.46 11.66 789441
198 Thu_Jul_18_00_00_00_EDT_2019 1563422400 11.66 12.03 11.48 11.78 575882
199 Fri_Jul_19_00_00_00_EDT_2019 1563508800 11.77 12.48 11.74 11.83 884675
202 Mon_Jul_22_00_00_00_EDT_2019 1563768000 11.92 12.02 11.31 11.99 836794
203 Tue_Jul_23_00_00_00_EDT_2019 1563854400 11.9 11.99 7.91 8.18 9682075
204 Wed_Jul_24_00_00_00_EDT_2019 1563940800 9.07 9.12 7.41 8.17 5648035
205 Thu_Jul_25_00_00_00_EDT_2019 1564027200 8.01 8.26 7.85 7.95 1323645
206 Fri_Jul_26_00_00_00_EDT_2019 1564113600 7.96 8.4576 7.7 8.38 930445
209 Mon_Jul_29_00_00_00_EDT_2019 1564372800 8.36 8.4 7.81 8.13 833027
210 Tue_Jul_30_00_00_00_EDT_2019 1564459200 8.05 8.58 7.95 8.52 693514