27 Mon_Jan_28_00_00_00_EST_2019 1548651600 4.4 4.415 4.09 4.1 929330
28 Tue_Jan_29_00_00_00_EST_2019 1548738000 4.1 4.21 3.96 4.2 1142031
29 Wed_Jan_30_00_00_00_EST_2019 1548824400 4.36 4.36 4.14 4.3133 1273331
30 Thu_Jan_31_00_00_00_EST_2019 1548910800 4.34 4.34 4 4.0999 1496484
31 Fri_Feb_01_00_00_00_EST_2019 1548997200 4.1 4.1 3.91 4.015 1209973
34 Mon_Feb_04_00_00_00_EST_2019 1549256400 4.03 4.059 3.91 4.01 1209392
35 Tue_Feb_05_00_00_00_EST_2019 1549342800 4.03 4.16 3.87 4.06 1428195
36 Wed_Feb_06_00_00_00_EST_2019 1549429200 4.08 4.17 3.98 4.15 1402767
37 Thu_Feb_07_00_00_00_EST_2019 1549515600 4.14 4.19 4.01 4.09 1377842
38 Fri_Feb_08_00_00_00_EST_2019 1549602000 4.05 4.25 4.045 4.205 1101364
41 Mon_Feb_11_00_00_00_EST_2019 1549861200 4.22 4.53 4.18 4.505 1666112
42 Tue_Feb_12_00_00_00_EST_2019 1549947600 4.56 4.66 4.44 4.51 1351028
43 Wed_Feb_13_00_00_00_EST_2019 1550034000 4.54 4.71 4.46 4.63 1844297
44 Thu_Feb_14_00_00_00_EST_2019 1550120400 4.59 4.74 4.57 4.7 1247411
45 Fri_Feb_15_00_00_00_EST_2019 1550206800 4.71 4.815 4.66 4.75 1038058
50 Wed_Feb_20_00_00_00_EST_2019 1550638800 4.81 4.8424 4.6439 4.8 789894
51 Thu_Feb_21_00_00_00_EST_2019 1550725200 4.77 4.79 4.58 4.66 956044
52 Fri_Feb_22_00_00_00_EST_2019 1550811600 4.68 4.77 4.59 4.77 972509
55 Mon_Feb_25_00_00_00_EST_2019 1551070800 4.82 4.96 4.79 4.95 1266291
56 Tue_Feb_26_00_00_00_EST_2019 1551157200 5 5.05 4.85 4.96 959708
57 Wed_Feb_27_00_00_00_EST_2019 1551243600 4.93 5.25 4.86 5.2 1450186
58 Thu_Feb_28_00_00_00_EST_2019 1551330000 5.9 6.92 5.9 6.81 11884784
59 Fri_Mar_01_00_00_00_EST_2019 1551416400 6.68 7.24 6.64 7.22 8518995
62 Mon_Mar_04_00_00_00_EST_2019 1551675600 7.23 7.54 6.52 6.84 4580019
63 Tue_Mar_05_00_00_00_EST_2019 1551762000 6.76 6.95 6.48 6.51 2909771
64 Wed_Mar_06_00_00_00_EST_2019 1551848400 6.52 6.66 6.22 6.26 2592539
65 Thu_Mar_07_00_00_00_EST_2019 1551934800 6.25 6.42 6.04 6.1 1995797
66 Fri_Mar_08_00_00_00_EST_2019 1552021200 6.12 6.59 6.1138 6.38 2863339
69 Mon_Mar_11_00_00_00_EDT_2019 1552276800 6.45 6.78 6.25 6.75 2770679
70 Tue_Mar_12_00_00_00_EDT_2019 1552363200 6.82 7.015 6.67 6.85 2493135
71 Wed_Mar_13_00_00_00_EDT_2019 1552449600 6.86 6.9799 6.62 6.8 2029338
72 Thu_Mar_14_00_00_00_EDT_2019 1552536000 6.81 7.0799 6.78 6.95 2119084
73 Fri_Mar_15_00_00_00_EDT_2019 1552622400 6.98 7.07 6.66 6.89 2727257
76 Mon_Mar_18_00_00_00_EDT_2019 1552881600 6.88 7.47 6.7607 7.42 2071464
77 Tue_Mar_19_00_00_00_EDT_2019 1552968000 7.54 7.57 7.06 7.42 2590954
78 Wed_Mar_20_00_00_00_EDT_2019 1553054400 7.44 7.79 7.36 7.44 2207328
79 Thu_Mar_21_00_00_00_EDT_2019 1553140800 7.4 7.605 7.305 7.4 2012876
80 Fri_Mar_22_00_00_00_EDT_2019 1553227200 7.37 7.45 6.82 6.835 1727809
83 Mon_Mar_25_00_00_00_EDT_2019 1553486400 6.86 7.11 6.8101 7.04 1408532
84 Tue_Mar_26_00_00_00_EDT_2019 1553572800 7.1 7.35 7.04 7.33 1425371
85 Wed_Mar_27_00_00_00_EDT_2019 1553659200 7.34 7.38 7.04 7.22 1107797
86 Thu_Mar_28_00_00_00_EDT_2019 1553745600 7.24 7.57 7.15 7.45 1467901
87 Fri_Mar_29_00_00_00_EDT_2019 1553832000 7.55 8.85 7.55 8.04 6287946
90 Mon_Apr_01_00_00_00_EDT_2019 1554091200 8.47 9.3 8.06 8.1 6805834
91 Tue_Apr_02_00_00_00_EDT_2019 1554177600 8.18 8.3 7.85 8.26 2259426
92 Wed_Apr_03_00_00_00_EDT_2019 1554264000 8.32 8.65 8.23 8.32 2094805
93 Thu_Apr_04_00_00_00_EDT_2019 1554350400 8.33 8.525 8.05 8.47 1759175
94 Fri_Apr_05_00_00_00_EDT_2019 1554436800 8.5 8.5798 8.33 8.46 1163960
