143 Fri_May_24_00_00_00_EDT_2019 1558670400 2.82 2.91 2.6 2.64 144278 0.01075268817204294
147 Tue_May_28_00_00_00_EDT_2019 1559016000 2.64 2.74 2.51 2.52 133165 0.0
148 Wed_May_29_00_00_00_EDT_2019 1559102400 2.49 2.49 2.18 2.28 309872 -0.011904761904761828
149 Thu_May_30_00_00_00_EDT_2019 1559188800 2.25 2.37 2.2 2.25 142020 -0.013157894736842021
150 Fri_May_31_00_00_00_EDT_2019 1559275200 2.18 2.2843 2.05 2.115 928586 -0.03111111111111104
153 Mon_Jun_03_00_00_00_EDT_2019 1559534400 2.14 2.25 2.1 2.15 184694 0.011820330969267096
154 Tue_Jun_04_00_00_00_EDT_2019 1559620800 2.26 2.58 2.13 2.54 739866 0.05116279069767436
155 Wed_Jun_05_00_00_00_EDT_2019 1559707200 2.52 2.64 2.18 2.3 600663 -0.007874015748031503
156 Thu_Jun_06_00_00_00_EDT_2019 1559793600 2.1299 2.13 2.12 2.12 3799 -0.07395652173913031
157 Fri_Jun_07_00_00_00_EDT_2019 1559880000 2.19 2.29 1.97 2 212879 0.033018867924528225
160 Mon_Jun_10_00_00_00_EDT_2019 1560139200 2 2.13 1.96 2.09 204092 0.0
161 Tue_Jun_11_00_00_00_EDT_2019 1560225600 2.13 2.1499 1.97 1.98 370104 0.01913875598086126
162 Wed_Jun_12_00_00_00_EDT_2019 1560312000 1.97 2.06 1.8 1.82 457189 -0.005050505050505055
163 Thu_Jun_13_00_00_00_EDT_2019 1560398400 1.76 1.95 1.67 1.87 717505 -0.032967032967032996
164 Fri_Jun_14_00_00_00_EDT_2019 1560484800 1.83 1.83 1.62 1.67 675638 -0.021390374331550818
167 Mon_Jun_17_00_00_00_EDT_2019 1560744000 1.71 2 1.7 1.98 346327 0.023952095808383256
168 Tue_Jun_18_00_00_00_EDT_2019 1560830400 2.02 2.0499 1.9 1.97 181619 0.02020202020202022
169 Wed_Jun_19_00_00_00_EDT_2019 1560916800 4.56 7.27 3.77 6.25 78490810 1.3147208121827412
170 Thu_Jun_20_00_00_00_EDT_2019 1561003200 7.53 7.6 5.1 5.29 16237835 0.20480000000000004
171 Fri_Jun_21_00_00_00_EDT_2019 1561089600 5.08 5.25 4.5 4.99 2868251 -0.039697542533081276
174 Mon_Jun_24_00_00_00_EDT_2019 1561348800 4.97 6 4.9 5.9 4996524 -0.004008016032064221
175 Tue_Jun_25_00_00_00_EDT_2019 1561435200 5.95 6.59 5.62 5.9699 4076963 0.00847457627118641
176 Wed_Jun_26_00_00_00_EDT_2019 1561521600 6.06 6.07 5.52 5.65 1798448 0.0150923801068694
177 Thu_Jun_27_00_00_00_EDT_2019 1561608000 5.7 5.92 5.34 5.7 1320790 0.008849557522123862
178 Fri_Jun_28_00_00_00_EDT_2019 1561694400 5.865 6.72 5.72 6.64 2514104 0.02894736842105264
181 Mon_Jul_01_00_00_00_EDT_2019 1561953600 6.97 7.29 6.65 7.08 2077536 0.049698795180722906
182 Tue_Jul_02_00_00_00_EDT_2019 1562040000 6.75 6.95 6.3 6.69 1851593 -0.04661016949152543
183 Wed_Jul_03_00_00_00_EDT_2019 1562126400 6.7 8.6 6.7 7.8978 2232176 0.0014947683109117766
185 Fri_Jul_05_00_00_00_EDT_2019 1562299200 7.81 7.81 7.15 7.17 2186318 -0.011117019929600716
188 Mon_Jul_08_00_00_00_EDT_2019 1562558400 7.03 7.07 6.25 6.3033 1132614 -0.019525801952580153
189 Tue_Jul_09_00_00_00_EDT_2019 1562644800 6.25 6.55 5.61 5.62 1784150 -0.00845588818555362
190 Wed_Jul_10_00_00_00_EDT_2019 1562731200 5.68 5.96 5.12 5.13 1516234 0.010676156583629824
191 Thu_Jul_11_00_00_00_EDT_2019 1562817600 5.11 5.3399 4.41 4.465 1657967 -0.003898635477582763
192 Fri_Jul_12_00_00_00_EDT_2019 1562904000 4.6 4.7 4.25 4.61 1071300 0.03023516237402011