195 Mon_Jul_15_00_00_00_EDT_2019 1563163200 21.63 21.93 21.43 21.78 137235
196 Tue_Jul_16_00_00_00_EDT_2019 1563249600 21.81 22.22 20.75 20.85 460608
197 Wed_Jul_17_00_00_00_EDT_2019 1563336000 21.02 21.38 20.47 20.58 313983
198 Thu_Jul_18_00_00_00_EDT_2019 1563422400 21.88 21.88 20.42 20.65 231226
199 Fri_Jul_19_00_00_00_EDT_2019 1563508800 20.65 21.155 20.5 20.64 236445
202 Mon_Jul_22_00_00_00_EDT_2019 1563768000 20.88 22.25 20.67 21.76 165340
203 Tue_Jul_23_00_00_00_EDT_2019 1563854400 21.77 22.26 21.77 21.9 148308
204 Wed_Jul_24_00_00_00_EDT_2019 1563940800 21.88 22.25 21.68 21.9 168752
205 Thu_Jul_25_00_00_00_EDT_2019 1564027200 21.83 21.865 20.79 21.26 380705
206 Fri_Jul_26_00_00_00_EDT_2019 1564113600 21.41 21.785 20.84 21.5 386997
209 Mon_Jul_29_00_00_00_EDT_2019 1564372800 21.49 21.85 20.93 21.51 372945
210 Tue_Jul_30_00_00_00_EDT_2019 1564459200 21.54 22.44 21.5 22.41 301151
211 Wed_Jul_31_00_00_00_EDT_2019 1564545600 22.42 22.52 21.84 22.1 256771
212 Thu_Aug_01_00_00_00_EDT_2019 1564632000 22.2 22.923 21.93 22.43 263103
213 Fri_Aug_02_00_00_00_EDT_2019 1564718400 22.58 22.58 21.62 22.33 191064
216 Mon_Aug_05_00_00_00_EDT_2019 1564977600 22.22 23.99 21.74 22.94 485860
217 Tue_Aug_06_00_00_00_EDT_2019 1565064000 23 23.6253 22.22 22.93 238327
218 Wed_Aug_07_00_00_00_EDT_2019 1565150400 22.89 24 22.34 23.47 461971
219 Thu_Aug_08_00_00_00_EDT_2019 1565236800 23.47 23.98 22.95 23.13 210174
220 Fri_Aug_09_00_00_00_EDT_2019 1565323200 23.09 23.78 22.91 23.47 291538
223 Mon_Aug_12_00_00_00_EDT_2019 1565582400 23.33 23.56 19.88 19.9198 479655
224 Tue_Aug_13_00_00_00_EDT_2019 1565668800 42.9 42.99 34.5501 35.9 9054118
225 Wed_Aug_14_00_00_00_EDT_2019 1565755200 36.33 39.15 35.1 37.87 2966025
226 Thu_Aug_15_00_00_00_EDT_2019 1565841600 37 37.2 35.5 36.31 5484404
227 Fri_Aug_16_00_00_00_EDT_2019 1565928000 36 37.37 35.57 37.01 1754112
230 Mon_Aug_19_00_00_00_EDT_2019 1566187200 37.34 37.8 35.87 36.61 610249
231 Tue_Aug_20_00_00_00_EDT_2019 1566273600 36.81 37.05 35.83 37 622285
232 Wed_Aug_21_00_00_00_EDT_2019 1566360000 37 37.15 35.89 36.16 478704
233 Thu_Aug_22_00_00_00_EDT_2019 1566446400 35.85 37.8 35.39 37.02 897840
234 Fri_Aug_23_00_00_00_EDT_2019 1566532800 36.58 37.561 35.98 36.07 499891
237 Mon_Aug_26_00_00_00_EDT_2019 1566792000 36.22 37.36 35.698 37.36 723887
238 Tue_Aug_27_00_00_00_EDT_2019 1566878400 37.57 38.39 36.96 37.85 731604
239 Wed_Aug_28_00_00_00_EDT_2019 1566964800 37.7 39.49 36.9779 38.79 824014
240 Thu_Aug_29_00_00_00_EDT_2019 1567051200 38.9 39.23 37.21 37.54 337357
241 Fri_Aug_30_00_00_00_EDT_2019 1567137600 37.43 37.76 36.24 36.32 372046
245 Tue_Sep_03_00_00_00_EDT_2019 1567483200 36.02 36.57 35.8 36.48 579790
246 Wed_Sep_04_00_00_00_EDT_2019 1567569600 36.5 37.23 36.02 36.705 522799
247 Thu_Sep_05_00_00_00_EDT_2019 1567656000 36.65 38.12 36.51 37.31 546189
248 Fri_Sep_06_00_00_00_EDT_2019 1567742400 37.4 37.81 36.545 37.09 575064
251 Mon_Sep_09_00_00_00_EDT_2019 1568001600 37.39 37.39 35.11 35.31 604095
252 Tue_Sep_10_00_00_00_EDT_2019 1568088000 35.01 35.6 34.04 35.25 490609
253 Wed_Sep_11_00_00_00_EDT_2019 1568174400 35.2 35.72 34.05 35.57 642410
254 Thu_Sep_12_00_00_00_EDT_2019 1568260800 35.57 37.48 35.57 36.48 315358
255 Fri_Sep_13_00_00_00_EDT_2019 1568347200 36.41 37.27 36.02 36.85 391636
258 Mon_Sep_16_00_00_00_EDT_2019 1568606400 36.7 37.859 35.53 36.49 484057
259 Tue_Sep_17_00_00_00_EDT_2019 1568692800 36.56 37.8017 35.87 36.53 617991
260 Wed_Sep_18_00_00_00_EDT_2019 1568779200 36.34 36.34 35.5 35.9 272761
261 Thu_Sep_19_00_00_00_EDT_2019 1568865600 36.07 36.5017 34.92 36 295802