41 Mon_Feb_11_00_00_00_EST_2019 1549861200 4.82 5.45 4.64 4.66 100426
42 Tue_Feb_12_00_00_00_EST_2019 1549947600 4.7 4.81 4.45 4.49 189097
43 Wed_Feb_13_00_00_00_EST_2019 1550034000 4.5 4.53 4.4 4.4 92296
44 Thu_Feb_14_00_00_00_EST_2019 1550120400 4.42 4.49 4.37 4.47 141067
45 Fri_Feb_15_00_00_00_EST_2019 1550206800 4.47 4.5 4.325 4.46 203156
51 Thu_Feb_21_00_00_00_EST_2019 1550725200 4.68 4.815 4.56 4.74 246173
52 Fri_Feb_22_00_00_00_EST_2019 1550811600 4.75 4.93 4.71 4.84 80215
55 Mon_Feb_25_00_00_00_EST_2019 1551070800 4.83 4.93 4.77 4.91 49051
56 Tue_Feb_26_00_00_00_EST_2019 1551157200 4.91 4.91 4.76 4.77 45743
57 Wed_Feb_27_00_00_00_EST_2019 1551243600 4.75 4.84 4.71 4.75 39794
58 Thu_Feb_28_00_00_00_EST_2019 1551330000 4.76 4.99 4.46 4.48 162515
59 Fri_Mar_01_00_00_00_EST_2019 1551416400 4.47 4.66 4.47 4.61 50791
62 Mon_Mar_04_00_00_00_EST_2019 1551675600 4.67 4.75 4.57 4.71 86300
63 Tue_Mar_05_00_00_00_EST_2019 1551762000 4.69 4.87 4.69 4.75 113243
64 Wed_Mar_06_00_00_00_EST_2019 1551848400 4.78 4.78 4.49 4.52 97249
65 Thu_Mar_07_00_00_00_EST_2019 1551934800 4.52 4.65 4.48 4.61 76069
66 Fri_Mar_08_00_00_00_EST_2019 1552021200 4.62 4.77 4.6 4.75 95622
69 Mon_Mar_11_00_00_00_EDT_2019 1552276800 4.74 4.75 4.57 4.59 165345
70 Tue_Mar_12_00_00_00_EDT_2019 1552363200 3.4 3.41 2.89 2.89 3098894
71 Wed_Mar_13_00_00_00_EDT_2019 1552449600 2.9 3 2.78 2.98 1114216
72 Thu_Mar_14_00_00_00_EDT_2019 1552536000 2.98 3.05 2.95 3.02 447550
73 Fri_Mar_15_00_00_00_EDT_2019 1552622400 3.05 3.06 2.97 3 306583
76 Mon_Mar_18_00_00_00_EDT_2019 1552881600 3.01 3.1 2.93 3.04 273818
77 Tue_Mar_19_00_00_00_EDT_2019 1552968000 3.07 3.1 2.96 2.97 206434
78 Wed_Mar_20_00_00_00_EDT_2019 1553054400 2.97 3.02 2.91 2.99 286850
79 Thu_Mar_21_00_00_00_EDT_2019 1553140800 2.94 3.02 2.94 3 224179
80 Fri_Mar_22_00_00_00_EDT_2019 1553227200 2.97 3.02 2.83 2.84 298390
83 Mon_Mar_25_00_00_00_EDT_2019 1553486400 2.84 2.89 2.68 2.68 400921
84 Tue_Mar_26_00_00_00_EDT_2019 1553572800 2.71 2.7958 2.65 2.69 156745
85 Wed_Mar_27_00_00_00_EDT_2019 1553659200 2.69 2.76 2.57 2.65 255482
86 Thu_Mar_28_00_00_00_EDT_2019 1553745600 2.65 2.68 2.5976 2.62 128187
87 Fri_Mar_29_00_00_00_EDT_2019 1553832000 2.63 2.77 2.61 2.75 183915
90 Mon_Apr_01_00_00_00_EDT_2019 1554091200 2.74 2.84 2.7 2.83 108992
91 Tue_Apr_02_00_00_00_EDT_2019 1554177600 2.83 2.97 2.82 2.91 408930