Mon_Jul_01_00_00_00_EDT_2019 1561953600 44.04 44.25 42.845 43.95 222321
182 Tue_Jul_02_00_00_00_EDT_2019 1562040000 44.27 44.5 42.62 43.03 243363
183 Wed_Jul_03_00_00_00_EDT_2019 1562126400 43.31 44.155 43.12 43.26 85121
185 Fri_Jul_05_00_00_00_EDT_2019 1562299200 43.39 45 42.24 42.41 228582
188 Mon_Jul_08_00_00_00_EDT_2019 1562558400 42.41 43.335 40.55 40.625 263294
189 Tue_Jul_09_00_00_00_EDT_2019 1562644800 40.5 41.16 38.58 38.75 205899
190 Wed_Jul_10_00_00_00_EDT_2019 1562731200 38.91 39.3056 37.019 37.245 223348
191 Thu_Jul_11_00_00_00_EDT_2019 1562817600 37.41 37.945 35.03 35.33 419998
192 Fri_Jul_12_00_00_00_EDT_2019 1562904000 35.51 36.335 34.53 35.86 625012
195 Mon_Jul_15_00_00_00_EDT_2019 1563163200 35.99 37.04 35.02 36.02 260541
196 Tue_Jul_16_00_00_00_EDT_2019 1563249600 36.03 36.03 32.62 32.88 536777
197 Wed_Jul_17_00_00_00_EDT_2019 1563336000 33.07 33.1 31.76 32.5 455656
198 Thu_Jul_18_00_00_00_EDT_2019 1563422400 32.46 32.78 31.615 31.77 172714
199 Fri_Jul_19_00_00_00_EDT_2019 1563508800 31.78 32.47 31.055 31.55 384074
202 Mon_Jul_22_00_00_00_EDT_2019 1563768000 31.86 32.68 31.31 31.71 451718
203 Tue_Jul_23_00_00_00_EDT_2019 1563854400 31.92 32.91 31.78 32.68 329391
204 Wed_Jul_24_00_00_00_EDT_2019 1563940800 32.5 33.9645 31.91 33.36 281959
205 Thu_Jul_25_00_00_00_EDT_2019 1564027200 33.19 33.77 32.215 33.59 466147
206 Fri_Jul_26_00_00_00_EDT_2019 1564113600 33.58 34.07 33.12 33.9 273175
209 Mon_Jul_29_00_00_00_EDT_2019 1564372800 34.17 34.93 33.35 34.6 356432
210 Tue_Jul_30_00_00_00_EDT_2019 1564459200 34.22 34.93 33.31 34.89 290562
211 Wed_Jul_31_00_00_00_EDT_2019 1564545600 34.69 35.57 34.3 34.72 460663
212 Thu_Aug_01_00_00_00_EDT_2019 1564632000 34.6 34.835 32.33 32.46 318895
213 Fri_Aug_02_00_00_00_EDT_2019 1564718400 32.4 32.62 30.32 30.99 319823
216 Mon_Aug_05_00_00_00_EDT_2019 1564977600 61 73.25 60.34 65.02 7543670
217 Tue_Aug_06_00_00_00_EDT_2019 1565064000 66 85.4 66 79.4 3855881
218 Wed_Aug_07_00_00_00_EDT_2019 1565150400 79.52 92.84 79.05 87.5 4632394
219 Thu_Aug_08_00_00_00_EDT_2019 1565236800 86.56 86.56 81.3405 83.81 1550089
220 Fri_Aug_09_00_00_00_EDT_2019 1565323200 83.475 86 82.34 84.86 427078
223 Mon_Aug_12_00_00_00_EDT_2019 1565582400 85.52 90.9 85.51 88.04 843133
224 Tue_Aug_13_00_00_00_EDT_2019 1565668800 88.1 90.06 82.3 87.59 516368
225 Wed_Aug_14_00_00_00_EDT_2019 1565755200 85 87.42 83.64 84.01 513558
226 Thu_Aug_15_00_00_00_EDT_2019 1565841600 84.67 85.07 81 82.99 475201
227 Fri_Aug_16_00_00_00_EDT_2019 1565928000 84.12 89.6 82.63 88.65 839105
230 Mon_Aug_19_00_00_00_EDT_2019 1566187200 89.07 90.57 87.62 89 306818
231 Tue_Aug_20_00_00_00_EDT_2019 1566273600 88.72 90.32 86.32 88.14 367048
232 Wed_Aug_21_00_00_00_EDT_2019 1566360000 88.25 92.25 86.0258 89.95 490860
233 Thu_Aug_22_00_00_00_EDT_2019 1566446400 90.38 90.38 86.5 87.52 324271
234 Fri_Aug_23_00_00_00_EDT_2019 1566532800 87.07 89.99 85.76 86.68 329377
237 Mon_Aug_26_00_00_00_EDT_2019 1566792000 88.19 88.19 85.49 87.4 146521
238 Tue_Aug_27_00_00_00_EDT_2019 1566878400 87.74 88.93 86.01 87.62 256327
239 Wed_Aug_28_00_00_00_EDT_2019 1566964800 87.14 88.361 86.285 86.77 278449
240 Thu_Aug_29_00_00_00_EDT_2019 1567051200 87.6 88.33 85.1516 87.78 319549
241 Fri_Aug_30_00_00_00_EDT_2019 1567137600 88.32 88.9 86.82 88.34 123688
245 Tue_Sep_03_00_00_00_EDT_2019 1567483200 88.46 91.8085 84 85.03 475090
246 Wed_Sep_04_00_00_00_EDT_2019 1567569600 85.29 86.27 81.94 84.09 260905
247 Thu_Sep_05_00_00_00_EDT_2019 1567656000 83.36 85.615 82.66 85 291112
248 Fri_Sep_06_00_00_00_EDT_2019 1567742400 84.44 86.8 83.285 85.34 302987
251 Mon_Sep_09_00_00_00_EDT_2019 1568001600 85.39 85.39 76.53 78.26 459714
