36 Wed_Feb_06_00_00_00_EST_2019 1549429200 67.83 69.26 66.61 68.75 170416
37 Thu_Feb_07_00_00_00_EST_2019 1549515600 68.26 68.44 67 67.815 82631
38 Fri_Feb_08_00_00_00_EST_2019 1549602000 67.56 68.72 66.997 68.43 145480
41 Mon_Feb_11_00_00_00_EST_2019 1549861200 68.7 69.05 67.79 68.7 124003
42 Tue_Feb_12_00_00_00_EST_2019 1549947600 69.46 70.21 67.36 70.2 183376
43 Wed_Feb_13_00_00_00_EST_2019 1550034000 70.57 71.9016 69.91 70.45 117326
44 Thu_Feb_14_00_00_00_EST_2019 1550120400 69.81 70.75 69.22 70.57 150269
45 Fri_Feb_15_00_00_00_EST_2019 1550206800 70.55 73.55 69.8375 73.5 353349
49 Tue_Feb_19_00_00_00_EST_2019 1550552400 73.03 73.52 70.92 71.155 142770
50 Wed_Feb_20_00_00_00_EST_2019 1550638800 70.42 70.75 69.17 69.99 389973
51 Thu_Feb_21_00_00_00_EST_2019 1550725200 69.96 70.48 67.3575 69.035 128841
52 Fri_Feb_22_00_00_00_EST_2019 1550811600 69.2 72.07 68.925 72.07 223376
55 Mon_Feb_25_00_00_00_EST_2019 1551070800 72.89 74.85 72.02 74.65 285451
56 Tue_Feb_26_00_00_00_EST_2019 1551157200 74.66 74.96 73.04 73.0403 217891
57 Wed_Feb_27_00_00_00_EST_2019 1551243600 73.12 73.89 71.59 73.46 94298
58 Thu_Feb_28_00_00_00_EST_2019 1551330000 73.05 74.29 72.07 72.83 124074
59 Fri_Mar_01_00_00_00_EST_2019 1551416400 73.57 73.57 68.406 69.17 202685
62 Mon_Mar_04_00_00_00_EST_2019 1551675600 113.15 126.45 102 120.91 4787927
63 Tue_Mar_05_00_00_00_EST_2019 1551762000 121.5 126.45 119.0201 125.4 1295700
64 Wed_Mar_06_00_00_00_EST_2019 1551848400 122.26 123.38 113.71 114.44 2451596
65 Thu_Mar_07_00_00_00_EST_2019 1551934800 117.5 121.5 114.82 120.5 787081
66 Fri_Mar_08_00_00_00_EST_2019 1552021200 118.01 121.28 116.39 120.62 240016
69 Mon_Mar_11_00_00_00_EDT_2019 1552276800 121 127.33 119.33 125.3 290033
70 Tue_Mar_12_00_00_00_EDT_2019 1552363200 124.78 129.87 123.84 126.38 257644
71 Wed_Mar_13_00_00_00_EDT_2019 1552449600 127.77 131.755 127.77 129.98 442477
72 Thu_Mar_14_00_00_00_EDT_2019 1552536000 129.58 130.54 128.13 129.36 121396
73 Fri_Mar_15_00_00_00_EDT_2019 1552622400 130.255 131.25 128.11 128.19 267477
76 Mon_Mar_18_00_00_00_EDT_2019 1552881600 128.34 129.34 126.15 129.12 125209
77 Tue_Mar_19_00_00_00_EDT_2019 1552968000 129.87 129.87 124.14 125.05 235865
78 Wed_Mar_20_00_00_00_EDT_2019 1553054400 124.03 126.52 123.25 124.315 143437
79 Thu_Mar_21_00_00_00_EDT_2019 1553140800 123.62 125.7 121.805 123.04 330019
80 Fri_Mar_22_00_00_00_EDT_2019 1553227200 122.51 124.2405 116.32 118.85 328579
83 Mon_Mar_25_00_00_00_EDT_2019 1553486400 122.5 124.72 113.78 115.12 428496
84 Tue_Mar_26_00_00_00_EDT_2019 1553572800 115.1 119.84 113.453 118.72 437259
85 Wed_Mar_27_00_00_00_EDT_2019 1553659200 118.22 119.39 112.03 116.37 273630