-18 Thu_Dec_13_00_00_00_EST_2018 1544677200 110.91 112.11 100.58 100.61 409535
-17 Fri_Dec_14_00_00_00_EST_2018 1544763600 100 106.7783 99.4983 102.01 549578
-14 Mon_Dec_17_00_00_00_EST_2018 1545022800 101.39 104.35 97.39 101.13 340157
-13 Tue_Dec_18_00_00_00_EST_2018 1545109200 101.87 103.5 97.19 98.74 514375
-12 Wed_Dec_19_00_00_00_EST_2018 1545195600 98.55 102.57 90.62 92.92 411019
-11 Thu_Dec_20_00_00_00_EST_2018 1545282000 90.3 92.64 83 84.69 764460
-10 Fri_Dec_21_00_00_00_EST_2018 1545368400 85.48 86.525 80.66 81.89 751414
-7 Mon_Dec_24_00_00_00_EST_2018 1545627600 80.96 84.78 79.88 83.56 231288
-5 Wed_Dec_26_00_00_00_EST_2018 1545800400 84.49 89.2 84.05 88.82 403966
-4 Thu_Dec_27_00_00_00_EST_2018 1545886800 87.63 89.87 84 87.78 424554
-3 Fri_Dec_28_00_00_00_EST_2018 1545973200 88.46 89.7 84.38 88.58 425307
0 Mon_Dec_31_00_00_00_EST_2018 1546232400 89.58 95.66 89.38 95.34 447936
1 Wed_Jan_02_00_00_00_EST_2019 1546405200 93.38 94.6699 88.41 89.33 708383
2 Thu_Jan_03_00_00_00_EST_2019 1546491600 90.03 90.87 86.6 89.84 760295
3 Fri_Jan_04_00_00_00_EST_2019 1546578000 91.47 100.225 90.24 97.23 594401
6 Mon_Jan_07_00_00_00_EST_2019 1546837200 144.46 158.59 135.6932 138.92 3528545
7 Tue_Jan_08_00_00_00_EST_2019 1546923600 139.84 141.46 128 129.71 973316
8 Wed_Jan_09_00_00_00_EST_2019 1547010000 125.88 129.79 115.03 119.605 1745127
9 Thu_Jan_10_00_00_00_EST_2019 1547096400 119.47 127.5 118.8 125.94 897020
10 Fri_Jan_11_00_00_00_EST_2019 1547182800 124.73 126.1951 121.95 125.19 386036
13 Mon_Jan_14_00_00_00_EST_2019 1547442000 123.92 128.81 122.9 127.27 539124
14 Tue_Jan_15_00_00_00_EST_2019 1547528400 127.04 133.99 126.69 131.78 706836
15 Wed_Jan_16_00_00_00_EST_2019 1547614800 133.26 136.52 132 135.49 601199
16 Thu_Jan_17_00_00_00_EST_2019 1547701200 135.15 139.99 134.59 136.36 549068
17 Fri_Jan_18_00_00_00_EST_2019 1547787600 137.87 139.9 134.11 139.75 500284
21 Tue_Jan_22_00_00_00_EST_2019 1548133200 137.45 139.9999 133.77 137.52 785749
22 Wed_Jan_23_00_00_00_EST_2019 1548219600 134.81 139.99 127.16 130.79 461682
23 Thu_Jan_24_00_00_00_EST_2019 1548306000 131.37 134.86 127.53 131.97 380161
24 Fri_Jan_25_00_00_00_EST_2019 1548392400 133 133.43 128.51 131.81 443470
27 Mon_Jan_28_00_00_00_EST_2019 1548651600 128.84 131.01 127.36 129.61 252934
28 Tue_Jan_29_00_00_00_EST_2019 1548738000 130.51 132.165 127.94 131.69 172700
29 Wed_Jan_30_00_00_00_EST_2019 1548824400 132.82 134.63 130.44 132.76 389296
30 Thu_Jan_31_00_00_00_EST_2019 1548910800 132.55 142.91 131.53 142.845 601619