196 Tue_Jul_16_00_00_00_EDT_2019 1563249600 12.86 13.03 12.41 12.7 423418
197 Wed_Jul_17_00_00_00_EDT_2019 1563336000 12.71 12.89 12.25 12.39 385116
198 Thu_Jul_18_00_00_00_EDT_2019 1563422400 12.41 12.41 11.29 11.9 787541
199 Fri_Jul_19_00_00_00_EDT_2019 1563508800 11.81 12.15 11.11 11.17 614055
202 Mon_Jul_22_00_00_00_EDT_2019 1563768000 11.21 11.22 9.69 9.79 1007854
203 Tue_Jul_23_00_00_00_EDT_2019 1563854400 9.79 9.89 9.3601 9.585 850845
204 Wed_Jul_24_00_00_00_EDT_2019 1563940800 9.57 9.57 8.8 9 831632
205 Thu_Jul_25_00_00_00_EDT_2019 1564027200 9.1 9.27 8.82 9.15 862147
206 Fri_Jul_26_00_00_00_EDT_2019 1564113600 9.18 9.52 8.9858 9.17 540747
209 Mon_Jul_29_00_00_00_EDT_2019 1564372800 9.21 9.324 8.96 9.02 358851
210 Tue_Jul_30_00_00_00_EDT_2019 1564459200 9 9.25 8.895 9.2 294276
211 Wed_Jul_31_00_00_00_EDT_2019 1564545600 9.21 9.29 9.07 9.21 454780
212 Thu_Aug_01_00_00_00_EDT_2019 1564632000 9.33 9.53 8.7605 9.24 775881
213 Fri_Aug_02_00_00_00_EDT_2019 1564718400 9.12 9.44 9.0601 9.13 634330
216 Mon_Aug_05_00_00_00_EDT_2019 1564977600 4.08 4.1 2.64 2.805 18143491
217 Tue_Aug_06_00_00_00_EDT_2019 1565064000 2.83 3.14 2.825 3.06 3649888
218 Wed_Aug_07_00_00_00_EDT_2019 1565150400 2.99 3.29 2.91 3.19 2129221
219 Thu_Aug_08_00_00_00_EDT_2019 1565236800 3.22 3.29 3.2064 3.24 594503
220 Fri_Aug_09_00_00_00_EDT_2019 1565323200 3.27 3.36 3.1 3.17 560580
223 Mon_Aug_12_00_00_00_EDT_2019 1565582400 3.16 3.29 3.03 3.17 374431
224 Tue_Aug_13_00_00_00_EDT_2019 1565668800 3.16 3.28 3.09 3.165 654447
225 Wed_Aug_14_00_00_00_EDT_2019 1565755200 3.11 3.17 2.88 2.9 569449
226 Thu_Aug_15_00_00_00_EDT_2019 1565841600 2.91 3.09 2.75 3.05 1706340
227 Fri_Aug_16_00_00_00_EDT_2019 1565928000 3.18 3.4 3.12 3.4 638059
230 Mon_Aug_19_00_00_00_EDT_2019 1566187200 3.46 3.6 3.405 3.495 465345
231 Tue_Aug_20_00_00_00_EDT_2019 1566273600 3.49 3.53 3.37 3.37 217888
232 Wed_Aug_21_00_00_00_EDT_2019 1566360000 3.45 3.59 3.4 3.5 190183
233 Thu_Aug_22_00_00_00_EDT_2019 1566446400 3.49 3.51 3.28 3.37 177668
234 Fri_Aug_23_00_00_00_EDT_2019 1566532800 3.35 3.38 3.17 3.22 304946
237 Mon_Aug_26_00_00_00_EDT_2019 1566792000 3.27 3.43 3.26 3.41 287624
238 Tue_Aug_27_00_00_00_EDT_2019 1566878400 3.44 3.5095 3.3 3.33 291149
239 Wed_Aug_28_00_00_00_EDT_2019 1566964800 3.34 3.41 3.215 3.29 168600
240 Thu_Aug_29_00_00_00_EDT_2019 1567051200 3.21 3.495 3.21 3.44 452743
241 Fri_Aug_30_00_00_00_EDT_2019 1567137600 3.44 3.44 3.26 3.34 206629