1 Wed_Jan_02_00_00_00_EST_2019 1546405200 12.53 12.63 11.87 12.615 356275
2 Thu_Jan_03_00_00_00_EST_2019 1546491600 12.68 12.91 12.335 12.64 745791
3 Fri_Jan_04_00_00_00_EST_2019 1546578000 12.79 13.34 12.415 13.28 283636
6 Mon_Jan_07_00_00_00_EST_2019 1546837200 13.39 14.12 13.275 14.045 369746
7 Tue_Jan_08_00_00_00_EST_2019 1546923600 14.15 14.27 13.57 14.27 286584
8 Wed_Jan_09_00_00_00_EST_2019 1547010000 14.16 14.32 13.7 13.82 296914
9 Thu_Jan_10_00_00_00_EST_2019 1547096400 13.73 14.07 13.36 13.84 639299
10 Fri_Jan_11_00_00_00_EST_2019 1547182800 13.77 14.6 13.59 14.32 538436
13 Mon_Jan_14_00_00_00_EST_2019 1547442000 14.16 14.25 13.48 13.53 324520
14 Tue_Jan_15_00_00_00_EST_2019 1547528400 13.66 13.76 13.16 13.51 311343
15 Wed_Jan_16_00_00_00_EST_2019 1547614800 13.54 13.79 12.82 12.82 513422
16 Thu_Jan_17_00_00_00_EST_2019 1547701200 12.83 12.93 12.29 12.54 440818
17 Fri_Jan_18_00_00_00_EST_2019 1547787600 12.58 12.79 12.19 12.24 251286
21 Tue_Jan_22_00_00_00_EST_2019 1548133200 12.22 12.28 11.16 11.53 614392
22 Wed_Jan_23_00_00_00_EST_2019 1548219600 11.5 12.0399 11.315 11.46 581913
23 Thu_Jan_24_00_00_00_EST_2019 1548306000 11.32 11.505 11 11.415 313264
24 Fri_Jan_25_00_00_00_EST_2019 1548392400 11.5 12.49 11.02 11.66 1457653
27 Mon_Jan_28_00_00_00_EST_2019 1548651600 11.59 11.61 11.04 11.37 357721
28 Tue_Jan_29_00_00_00_EST_2019 1548738000 11.39 12.05 11.1907 11.5 444600
29 Wed_Jan_30_00_00_00_EST_2019 1548824400 11.46 11.62 11.04 11.35 361492
30 Thu_Jan_31_00_00_00_EST_2019 1548910800 11.4 11.81 11.37 11.7 278349
31 Fri_Feb_01_00_00_00_EST_2019 1548997200 11.74 11.74 11.21 11.39 351575
34 Mon_Feb_04_00_00_00_EST_2019 1549256400 10.57 11.85 9.87 11.3686 1492884
35 Tue_Feb_05_00_00_00_EST_2019 1549342800 11.35 11.74 11.1 11.1 339610
36 Wed_Feb_06_00_00_00_EST_2019 1549429200 29.37 32.32 24.6 25.52 20284543
37 Thu_Feb_07_00_00_00_EST_2019 1549515600 26.15 26.39 22.88 22.95 3490172
38 Fri_Feb_08_00_00_00_EST_2019 1549602000 22.76 23.3 21.431 22.345 2147838
41 Mon_Feb_11_00_00_00_EST_2019 1549861200 22.44 23.26 20.7615 21.27 1501120
42 Tue_Feb_12_00_00_00_EST_2019 1549947600 21.42 21.7634 20.23 20.965 962598
43 Wed_Feb_13_00_00_00_EST_2019 1550034000 22.29 22.66 21.25 21.345 4847758
44 Thu_Feb_14_00_00_00_EST_2019 1550120400 21.27 21.27 20.47 21.145 991846
45 Fri_Feb_15_00_00_00_EST_2019 1550206800 21.16 22.09 20.7523 21.755 1219457
50 Wed_Feb_20_00_00_00_EST_2019 1550638800 22.06 22.57 21.64 22.23 1096783
51 Thu_Feb_21_00_00_00_EST_2019 1550725200 22.22 22.38 21.26 21.9 733012
52 Fri_Feb_22_00_00_00_EST_2019 1550811600 21.88 22.07 21.15 21.26 1030381
55 Mon_Feb_25_00_00_00_EST_2019 1551070800 21.56 22.35 21.48 21.72 1267462
56 Tue_Feb_26_00_00_00_EST_2019 1551157200 21.62 21.62 20.68 20.84 708808
57 Wed_Feb_27_00_00_00_EST_2019 1551243600 20.65 21.19 19.63 21.12 1092065
58 Thu_Feb_28_00_00_00_EST_2019 1551330000 21.12 21.19 19.78 20 915744
59 Fri_Mar_01_00_00_00_EST_2019 1551416400 20.2 20.7 19.93 20.46 672748
62 Mon_Mar_04_00_00_00_EST_2019 1551675600 20.75 20.95 19.22 20.26 620121
63 Tue_Mar_05_00_00_00_EST_2019 1551762000 20.21 20.89 19.96 20.06 439851
64 Wed_Mar_06_00_00_00_EST_2019 1551848400 20.16 20.17 19.03 19.23 569478
65 Thu_Mar_07_00_00_00_EST_2019 1551934800 19.15 19.37 18.61 19.08 440791
66 Fri_Mar_08_00_00_00_EST_2019 1552021200 18.94 19.7799 18.94 19.34 476000
69 Mon_Mar_11_00_00_00_EDT_2019 1552276800 19.27 19.92 19.27 19.76 772849
70 Tue_Mar_12_00_00_00_EDT_2019 1552363200 19.75 19.83 19.37 19.655 264304
71 Wed_Mar_13_00_00_00_EDT_2019 1552449600 19.73 20.3 19.28 20.18 582593
