122 Fri_May_03_00_00_00_EDT_2019 1556856000 12.54 13.14 12.48 13.12 418592
125 Mon_May_06_00_00_00_EDT_2019 1557115200 12.72 13.26 12.54 13.075 219574
126 Tue_May_07_00_00_00_EDT_2019 1557201600 12.96 13.005 12.52 12.81 322718
127 Wed_May_08_00_00_00_EDT_2019 1557288000 12.73 13.21 12.66 12.75 425221
128 Thu_May_09_00_00_00_EDT_2019 1557374400 12.55 12.97 11.75 12.87 861058
129 Fri_May_10_00_00_00_EDT_2019 1557460800 12.8 13.07 12.56 13.01 374937
132 Mon_May_13_00_00_00_EDT_2019 1557720000 12.5 12.66 12.29 12.36 674876
133 Tue_May_14_00_00_00_EDT_2019 1557806400 12.72 13.05 12.28 12.95 752692
134 Wed_May_15_00_00_00_EDT_2019 1557892800 12.77 13.3198 12.77 12.97 1241654
135 Thu_May_16_00_00_00_EDT_2019 1557979200 13.09 13.3 12.88 12.98 580729
136 Fri_May_17_00_00_00_EDT_2019 1558065600 12.93 13.015 12.45 12.61 917551
139 Mon_May_20_00_00_00_EDT_2019 1558324800 12.5 12.6 12.2 12.37 934198
140 Tue_May_21_00_00_00_EDT_2019 1558411200 12.44 12.75 12.34 12.61 1859691
141 Wed_May_22_00_00_00_EDT_2019 1558497600 12.61 12.8 12 12.3 1520778
142 Thu_May_23_00_00_00_EDT_2019 1558584000 12.11 12.94 12.1 12.88 1273595
143 Fri_May_24_00_00_00_EDT_2019 1558670400 13 13.06 12.63 12.88 1200591
147 Tue_May_28_00_00_00_EDT_2019 1559016000 12.93 13.1 11.64 12.31 2346933
148 Wed_May_29_00_00_00_EDT_2019 1559102400 12.13 12.54 11.94 12 1346387
149 Thu_May_30_00_00_00_EDT_2019 1559188800 12.07 12.31 11.8 11.9 652278
150 Fri_May_31_00_00_00_EDT_2019 1559275200 11.68 12.3 11.63 12.08 944363
154 Tue_Jun_04_00_00_00_EDT_2019 1559620800 12.13 12.35 11.95 12.33 425798
155 Wed_Jun_05_00_00_00_EDT_2019 1559707200 12.41 12.4899 12.03 12.24 563032
156 Thu_Jun_06_00_00_00_EDT_2019 1559793600 12.24 12.275 11.26 11.39 831498
157 Fri_Jun_07_00_00_00_EDT_2019 1559880000 11.01 11.52 10.08 11.51 2412164
160 Mon_Jun_10_00_00_00_EDT_2019 1560139200 11.9 12.1 11.08 11.08 979612
161 Tue_Jun_11_00_00_00_EDT_2019 1560225600 5.8 6.45 4.82 6.05 15544934
162 Wed_Jun_12_00_00_00_EDT_2019 1560312000 6.52 6.62 5.97 6.16 5638837
163 Thu_Jun_13_00_00_00_EDT_2019 1560398400 6.16 6.87 6.0225 6.75 6181597
164 Fri_Jun_14_00_00_00_EDT_2019 1560484800 6.69 6.8 6.24 6.26 2731570
167 Mon_Jun_17_00_00_00_EDT_2019 1560744000 6.24 6.84 6.2105 6.55 1357467
168 Tue_Jun_18_00_00_00_EDT_2019 1560830400 6.65 7.35 6.35 7.1 1952315
169 Wed_Jun_19_00_00_00_EDT_2019 1560916800 7.16 7.49 6.88 7.015 1715238
170 Thu_Jun_20_00_00_00_EDT_2019 1561003200 7.09 7.26 6.7 6.76 1981043
171 Fri_Jun_21_00_00_00_EDT_2019 1561089600 6.75 7.185 6.7 7.08 2853892
174 Mon_Jun_24_00_00_00_EDT_2019 1561348800 7.07 7.155 6.72 6.77 758049
175 Tue_Jun_25_00_00_00_EDT_2019 1561435200 7.05 7.13 6.82 6.85 805531
176 Wed_Jun_26_00_00_00_EDT_2019 1561521600 6.96 7.03 6.61 6.68 663745
177 Thu_Jun_27_00_00_00_EDT_2019 1561608000 6.67 7.01 6.66 7.01 566439
178 Fri_Jun_28_00_00_00_EDT_2019 1561694400 6.95 7.24 6.87 7.18 702915
181 Mon_Jul_01_00_00_00_EDT_2019 1561953600 7.3 7.36 7.05 7.21 602340
182 Tue_Jul_02_00_00_00_EDT_2019 1562040000 7.16 7.21 6.96 7.03 495035
183 Wed_Jul_03_00_00_00_EDT_2019 1562126400 7.07 7.13 6.95 7.09 255180
185 Fri_Jul_05_00_00_00_EDT_2019 1562299200 7.03 7.13 6.91 7.03 531988
188 Mon_Jul_08_00_00_00_EDT_2019 1562558400 6.96 6.96 6.49 6.52 967283
189 Tue_Jul_09_00_00_00_EDT_2019 1562644800 6.53 6.85 6.36 6.75 856286
190 Wed_Jul_10_00_00_00_EDT_2019 1562731200 6.78 6.92 6.55 6.91 746408
191 Thu_Jul_11_00_00_00_EDT_2019 1562817600 6.94 6.97 6.6708 6.81 836030
