198 Thu_Jul_18_00_00_00_EDT_2019 1563422400 32.42 32.62 32 32.5 56794
199 Fri_Jul_19_00_00_00_EDT_2019 1563508800 32.42 32.7 31.75 31.82 105133
202 Mon_Jul_22_00_00_00_EDT_2019 1563768000 31.78 34.1238 30.48 31.04 117411
203 Tue_Jul_23_00_00_00_EDT_2019 1563854400 31.22 32.0798 30.6 31.71 140985
204 Wed_Jul_24_00_00_00_EDT_2019 1563940800 31.5 32.105 31.015 32.02 95145
205 Thu_Jul_25_00_00_00_EDT_2019 1564027200 31.78 32.455 31.6805 31.99 217728
206 Fri_Jul_26_00_00_00_EDT_2019 1564113600 32.14 32.17 31.09 31.28 64840
209 Mon_Jul_29_00_00_00_EDT_2019 1564372800 31.39 32.46 31.39 32.28 120911
210 Tue_Jul_30_00_00_00_EDT_2019 1564459200 32.07 32.39 31.7 32.09 77347
211 Wed_Jul_31_00_00_00_EDT_2019 1564545600 32.14 34.2 32.07 34.1 333657
212 Thu_Aug_01_00_00_00_EDT_2019 1564632000 34.37 36.72 34.37 34.96 274816
213 Fri_Aug_02_00_00_00_EDT_2019 1564718400 35.49 35.56 33.89 34.29 170612
216 Mon_Aug_05_00_00_00_EDT_2019 1564977600 33.95 34.2 32.43 32.65 142686
217 Tue_Aug_06_00_00_00_EDT_2019 1565064000 32.79 33.54 32.19 32.65 203363
218 Wed_Aug_07_00_00_00_EDT_2019 1565150400 32.22 33.1 31.81 32.99 156444
219 Thu_Aug_08_00_00_00_EDT_2019 1565236800 33.04 33.345 32 32.63 105737
220 Fri_Aug_09_00_00_00_EDT_2019 1565323200 32.6 33.15 31.47 32.08 151748
223 Mon_Aug_12_00_00_00_EDT_2019 1565582400 31.94 32.5 31.71 32.28 49698
224 Tue_Aug_13_00_00_00_EDT_2019 1565668800 32.18 34.32 32.14 34.01 150863
225 Wed_Aug_14_00_00_00_EDT_2019 1565755200 33.22 33.7914 31.96 32.49 240804
226 Thu_Aug_15_00_00_00_EDT_2019 1565841600 32.44 32.49 31.09 31.18 145746
227 Fri_Aug_16_00_00_00_EDT_2019 1565928000 31.36 32.19 31.1385 31.96 54828
230 Mon_Aug_19_00_00_00_EDT_2019 1566187200 32.86 34 32.8 33.335 299054
231 Tue_Aug_20_00_00_00_EDT_2019 1566273600 33.07 33.61 31.82 32.41 127692
232 Wed_Aug_21_00_00_00_EDT_2019 1566360000 32.8 33.35 32.11 32.56 143772
233 Thu_Aug_22_00_00_00_EDT_2019 1566446400 32.56 32.82 31.63 31.72 151728
234 Fri_Aug_23_00_00_00_EDT_2019 1566532800 31.34 32 30.81 30.965 274987
237 Mon_Aug_26_00_00_00_EDT_2019 1566792000 31.21 32.65 30.71 30.98 119406
238 Tue_Aug_27_00_00_00_EDT_2019 1566878400 31.05 31.63 30.58 31 203832
239 Wed_Aug_28_00_00_00_EDT_2019 1566964800 31.02 31.52 30.8601 31.03 74995
240 Thu_Aug_29_00_00_00_EDT_2019 1567051200 31.51 32.15 30.84 31.01 275423
241 Fri_Aug_30_00_00_00_EDT_2019 1567137600 31.32 34.2 30.81 33.95 346637
245 Tue_Sep_03_00_00_00_EDT_2019 1567483200 34.5 35.9 32.18 33.18 269228
246 Wed_Sep_04_00_00_00_EDT_2019 1567569600 33.92 34.18 32.89 33.21 224006
247 Thu_Sep_05_00_00_00_EDT_2019 1567656000 33.65 33.75 32.51 33.49 191048
248 Fri_Sep_06_00_00_00_EDT_2019 1567742400 33.7 33.99 33 33.35 110149
251 Mon_Sep_09_00_00_00_EDT_2019 1568001600 33.5 34 33.04 33.55 300244
252 Tue_Sep_10_00_00_00_EDT_2019 1568088000 33.65 33.92 32.96 33.26 404230
253 Wed_Sep_11_00_00_00_EDT_2019 1568174400 33.16 34.8 33.16 34.6 445063
254 Thu_Sep_12_00_00_00_EDT_2019 1568260800 34.87 36.55 34.36 34.45 198596
255 Fri_Sep_13_00_00_00_EDT_2019 1568347200 34.72 35.33 33.93 35.17 143426
258 Mon_Sep_16_00_00_00_EDT_2019 1568606400 35.15 37.075 34.84 35.98 216416
259 Tue_Sep_17_00_00_00_EDT_2019 1568692800 35.6 36.57 34.72 36.36 141003
260 Wed_Sep_18_00_00_00_EDT_2019 1568779200 36.44 36.5 35.28 36.17 147975
261 Thu_Sep_19_00_00_00_EDT_2019 1568865600 36.15 36.37 35.41 35.6 130324
262 Fri_Sep_20_00_00_00_EDT_2019 1568952000 35.47 35.55 34.3 34.84 258688
265 Mon_Sep_23_00_00_00_EDT_2019 1569211200 34.9 35.375 32.8 33.15 447821
266 Tue_Sep_24_00_00_00_EDT_2019 1569297600 33.53 33.53 29.73 32.65 1534310
267 Wed_Sep_25_00_00_00_EDT_2019 1569384000 32.37 33.79 26.4 27.51 809898
268 Thu_Sep_26_00_00_00_EDT_2019 1569470400 27.24 27.48 23.24 25.1 1063035
269 Fri_Sep_27_00_00_00_EDT_2019 1569556800 25.11 25.77 23.91 24.01 287815
272 Mon_Sep_30_00_00_00_EDT_2019 1569816000 23.85 24.61 23.3 23.8 208230
273 Tue_Oct_01_00_00_00_EDT_2019 1569902400 23.72 24.25 22.41 23.57 369676
274 Wed_Oct_02_00_00_00_EDT_2019 1569988800 23.25 24.55 23.203 24.39 443868
275 Thu_Oct_03_00_00_00_EDT_2019 1570075200 24.24 24.35 23.47 23.67 198412
276 Fri_Oct_04_00_00_00_EDT_2019 1570161600 23.7 23.871 22.41 23.07 397226