-138 Wed_Aug_15_00_00_00_EDT_2018 1534305600 10.71 10.8 10.18 10.45 1057077
-137 Thu_Aug_16_00_00_00_EDT_2018 1534392000 10.49 10.59 10.28 10.53 937402
-136 Fri_Aug_17_00_00_00_EDT_2018 1534478400 10.46 10.71 10.38 10.46 908103
-133 Mon_Aug_20_00_00_00_EDT_2018 1534737600 10.53 10.56 10 10.06 1825604
-132 Tue_Aug_21_00_00_00_EDT_2018 1534824000 10.05 10.15 9.9 9.99 1617696
-131 Wed_Aug_22_00_00_00_EDT_2018 1534910400 10.05 10.48 10.03 10.46 1997223
-130 Thu_Aug_23_00_00_00_EDT_2018 1534996800 10.5 11.8 10.41 11.4 5229999
-129 Fri_Aug_24_00_00_00_EDT_2018 1535083200 11.4 11.9 11.001 11.46 2358609
-126 Mon_Aug_27_00_00_00_EDT_2018 1535342400 11.56 11.699 11.27 11.49 1339137
-125 Tue_Aug_28_00_00_00_EDT_2018 1535428800 11.4 11.56 11.2 11.47 1038295
-124 Wed_Aug_29_00_00_00_EDT_2018 1535515200 11.54 12.31 11.36 12.07 2795598
-123 Thu_Aug_30_00_00_00_EDT_2018 1535601600 12.1 13.16 11.96 12.87 3687632
-122 Fri_Aug_31_00_00_00_EDT_2018 1535688000 12.9 13.22 12.54 13.06 2376794
-118 Tue_Sep_04_00_00_00_EDT_2018 1536033600 13.23 13.37 12.72 13.04 1784342
-117 Wed_Sep_05_00_00_00_EDT_2018 1536120000 12.94 13.19 11.621 12.49 2003803
-116 Thu_Sep_06_00_00_00_EDT_2018 1536206400 12.55 12.7499 11.6 11.75 1745777
-115 Fri_Sep_07_00_00_00_EDT_2018 1536292800 11.68 12.06 11.16 11.26 2346477
-112 Mon_Sep_10_00_00_00_EDT_2018 1536552000 11.27 11.45 10.7 11.44 2320642
-111 Tue_Sep_11_00_00_00_EDT_2018 1536638400 11.45 11.64 10.9 11.27 1561742
-110 Wed_Sep_12_00_00_00_EDT_2018 1536724800 11.14 11.33 10.75 10.98 1396072
-109 Thu_Sep_13_00_00_00_EDT_2018 1536811200 10.92 11.44 10.56 10.9 1917780
-108 Fri_Sep_14_00_00_00_EDT_2018 1536897600 10.86 11.14 10.57 10.58 1463909
-105 Mon_Sep_17_00_00_00_EDT_2018 1537156800 10.6 10.871 10.311 10.39 1861785
-104 Tue_Sep_18_00_00_00_EDT_2018 1537243200 19.94 24 18.06 19.46 42807855
-103 Wed_Sep_19_00_00_00_EDT_2018 1537329600 19.88 22.16 19.08 19.65 12284934
-102 Thu_Sep_20_00_00_00_EDT_2018 1537416000 19.6 20.85 18.91 18.96 6752668
-101 Fri_Sep_21_00_00_00_EDT_2018 1537502400 18.8 20.02 17.8309 18.21 10947763
-98 Mon_Sep_24_00_00_00_EDT_2018 1537761600 18.15 19.43 18.15 19.29 5638424
-97 Tue_Sep_25_00_00_00_EDT_2018 1537848000 19.36 19.74 18.88 18.98 3270849
-96 Wed_Sep_26_00_00_00_EDT_2018 1537934400 19.11 19.199 17.96 18.07 3975866
-95 Thu_Sep_27_00_00_00_EDT_2018 1538020800 18.39 18.7 17.67 17.83 3071013
-94 Fri_Sep_28_00_00_00_EDT_2018 1538107200 17.69 17.89 16.7 17.41 3806726
-91 Mon_Oct_01_00_00_00_EDT_2018 1538366400 18.2 18.39 15.9236 16.21 5370679
-90 Tue_Oct_02_00_00_00_EDT_2018 1538452800 16.29 16.48 14.78 15.24 6194981
-89 Wed_Oct_03_00_00_00_EDT_2018 1538539200 15.32 16.47 15.05 15.77 3597701
-88 Thu_Oct_04_00_00_00_EDT_2018 1538625600 15.86 15.99 15.15 15.665 2067751
-87 Fri_Oct_05_00_00_00_EDT_2018 1538712000 15.51 15.98 15.2 15.57 2920772
-84 Mon_Oct_08_00_00_00_EDT_2018 1538971200 15.65 15.8599 14.05 14.73 4201453
-83 Tue_Oct_09_00_00_00_EDT_2018 1539057600 14.51 15.4171 14.45 14.61 2725129
-82 Wed_Oct_10_00_00_00_EDT_2018 1539144000 14.4 14.47 13.4 13.57 3648497
-81 Thu_Oct_11_00_00_00_EDT_2018 1539230400 13.4 14.52 13.25 13.87 3927371
-80 Fri_Oct_12_00_00_00_EDT_2018 1539316800 14.16 14.67 13.66 14.45 3360649
-77 Mon_Oct_15_00_00_00_EDT_2018 1539576000 14.28 14.53 13.87 14.2 2148505
-76 Tue_Oct_16_00_00_00_EDT_2018 1539662400 14.25 15.5 14.06 15.25 3784582
-75 Wed_Oct_17_00_00_00_EDT_2018 1539748800 15.2 15.39 14.17 14.87 2717032
-74 Thu_Oct_18_00_00_00_EDT_2018 1539835200 14.8 14.8299 14.15 14.45 1752621
-73 Fri_Oct_19_00_00_00_EDT_2018 1539921600 14.57 14.65 13.75 13.84 2183059