170 Thu_Jun_20_00_00_00_EDT_2019 1561003200 4.15 4.2 4.07 4.09 221393 0.012195121951219686
171 Fri_Jun_21_00_00_00_EDT_2019 1561089600 4 4.1 3.85 4 611345 -0.02200488997555009
174 Mon_Jun_24_00_00_00_EDT_2019 1561348800 4.03 4.05 3.76 3.82 425757 0.007500000000000062
175 Tue_Jun_25_00_00_00_EDT_2019 1561435200 3.82 3.85 3.66 3.67 449119 0.0
176 Wed_Jun_26_00_00_00_EDT_2019 1561521600 3.75 3.87 3.61 3.61 474214 0.021798365122615824
177 Thu_Jun_27_00_00_00_EDT_2019 1561608000 3.66 3.97 3.66 3.92 405330 0.013850415512465448
178 Fri_Jun_28_00_00_00_EDT_2019 1561694400 3.9821 4.18 3.9217 4.14 460198 0.01584183673469389
181 Mon_Jul_01_00_00_00_EDT_2019 1561953600 4.21 4.32 4.08 4.3 773271 0.016908212560386545
182 Tue_Jul_02_00_00_00_EDT_2019 1562040000 4.27 4.3644 4.18 4.29 353458 -0.00697674418604657
183 Wed_Jul_03_00_00_00_EDT_2019 1562126400 4.31 4.4 4.18 4.4 172922 0.004662004662004562
185 Fri_Jul_05_00_00_00_EDT_2019 1562299200 4.49 4.64 4.32 4.47 776483 0.02045454545454542
188 Mon_Jul_08_00_00_00_EDT_2019 1562558400 4.45 4.58 4.36 4.51 303100 -0.004474272930648674
189 Tue_Jul_09_00_00_00_EDT_2019 1562644800 4.51 4.83 4.51 4.64 593306 0.0
190 Wed_Jul_10_00_00_00_EDT_2019 1562731200 4.67 4.72 4.56 4.65 190841 0.006465517241379364
191 Thu_Jul_11_00_00_00_EDT_2019 1562817600 4.65 4.65 4.53 4.57 267763 0.0
192 Fri_Jul_12_00_00_00_EDT_2019 1562904000 4.58 4.72 4.5 4.59 274598 0.002188183807439778
195 Mon_Jul_15_00_00_00_EDT_2019 1563163200 4.53 4.57 4.36 4.45 343351 -0.013071895424836517
196 Tue_Jul_16_00_00_00_EDT_2019 1563249600 4.45 4.47 4.14 4.22 375758 0.0
197 Wed_Jul_17_00_00_00_EDT_2019 1563336000 4.23 4.26 4.03 4.05 250102 0.002369668246445658
198 Thu_Jul_18_00_00_00_EDT_2019 1563422400 4.06 4.2228 3.92 3.95 379566 0.0024691358024690833
199 Fri_Jul_19_00_00_00_EDT_2019 1563508800 3.95 4.0583 3.86 3.88 369475 0.0
202 Mon_Jul_22_00_00_00_EDT_2019 1563768000 3.99 4.1 3.86 3.98 419320 0.02835051546391761
203 Tue_Jul_23_00_00_00_EDT_2019 1563854400 1.39 1.55 1.17 1.19 10266115 -0.6507537688442211
204 Wed_Jul_24_00_00_00_EDT_2019 1563940800 1.12 1.14 0.77 0.97 9749713 -0.05882352941176457
205 Thu_Jul_25_00_00_00_EDT_2019 1564027200 0.9527 1.21 0.95 1.17 3571055 -0.017835051546391735
206 Fri_Jul_26_00_00_00_EDT_2019 1564113600 1.19 1.19 1.07 1.12 1761613 0.01709401709401711
209 Mon_Jul_29_00_00_00_EDT_2019 1564372800 1.11 1.16 1.04 1.14 1210253 -0.008928571428571435
210 Tue_Jul_30_00_00_00_EDT_2019 1564459200 1.15 1.2 1.11 1.13 823453 0.008771929824561412
211 Wed_Jul_31_00_00_00_EDT_2019 1564545600 1.14 1.19 1.1 1.1 557871 0.008849557522123902
212 Thu_Aug_01_00_00_00_EDT_2019 1564632000 1.11 1.14 1.03 1.05 548099 0.009090909090909097
213 Fri_Aug_02_00_00_00_EDT_2019 1564718400 1.05 1.12 1.03 1.1 375556 0.0
216 Mon_Aug_05_00_00_00_EDT_2019 1564977600 1.1 1.102 1.02 1.06 544805 0.0
217 Tue_Aug_06_00_00_00_EDT_2019 1565064000 1.06 1.09 1.02 1.08 420678 0.0
218 Wed_Aug_07_00_00_00_EDT_2019 1565150400 1.06 1.09 1.03 1.08 431772 -0.018518518518518535
219 Thu_Aug_08_00_00_00_EDT_2019 1565236800 1.08 1.19 1.08 1.17 871143 0.0
220 Fri_Aug_09_00_00_00_EDT_2019 1565323200 1.18 1.25 1.16 1.18 1051212 0.008547008547008555
223 Mon_Aug_12_00_00_00_EDT_2019 1565582400 1.19 1.27 1.18 1.24 473164 0.00847457627118645
224 Tue_Aug_13_00_00_00_EDT_2019 1565668800 1.22 1.25 1.2 1.235 340416 -0.01612903225806453
225 Wed_Aug_14_00_00_00_EDT_2019 1565755200 1.21 1.23 1.15 1.195 562226 -0.020242914979757193