3 Tue_May_14_00_00_00_EDT_2019 1557806400 11.26 11.26 10.8 11.03 153199
134 Wed_May_15_00_00_00_EDT_2019 1557892800 11.09 11.32 10.85 11.32 177482
135 Thu_May_16_00_00_00_EDT_2019 1557979200 11.42 11.835 11.42 11.7 249261
136 Fri_May_17_00_00_00_EDT_2019 1558065600 11.6 11.96 11.43 11.48 223100
139 Mon_May_20_00_00_00_EDT_2019 1558324800 11.38 11.51 11.05 11.33 128995
140 Tue_May_21_00_00_00_EDT_2019 1558411200 11.41 11.53 11.1443 11.19 136863
141 Wed_May_22_00_00_00_EDT_2019 1558497600 11.21 11.31 11.04 11.14 139634
142 Thu_May_23_00_00_00_EDT_2019 1558584000 10.95 11.29 10.92 11.28 221881
143 Fri_May_24_00_00_00_EDT_2019 1558670400 11.34 11.53 11.11 11.3 164383
147 Tue_May_28_00_00_00_EDT_2019 1559016000 11.42 11.42 11.04 11.18 149574
148 Wed_May_29_00_00_00_EDT_2019 1559102400 11.13 11.225 11.01 11.09 125962
149 Thu_May_30_00_00_00_EDT_2019 1559188800 11.12 11.12 10.87 10.99 469675
150 Fri_May_31_00_00_00_EDT_2019 1559275200 10.85 11.08 10.69 10.85 215220
154 Tue_Jun_04_00_00_00_EDT_2019 1559620800 10.93 11 10.69 10.84 122990
155 Wed_Jun_05_00_00_00_EDT_2019 1559707200 10.91 11.14 10.7 10.98 420595
156 Thu_Jun_06_00_00_00_EDT_2019 1559793600 10.98 10.98 10.21 10.23 253215
157 Fri_Jun_07_00_00_00_EDT_2019 1559880000 10.23 10.6 10.09 10.1 218771
160 Mon_Jun_10_00_00_00_EDT_2019 1560139200 10.15 11.06 10.01 11.025 543352
161 Tue_Jun_11_00_00_00_EDT_2019 1560225600 11.15 11.39 10.46 10.47 304361
162 Wed_Jun_12_00_00_00_EDT_2019 1560312000 10.37 10.72 10.37 10.57 154833
163 Thu_Jun_13_00_00_00_EDT_2019 1560398400 2.67 2.89 2.55 2.6 18457732
164 Fri_Jun_14_00_00_00_EDT_2019 1560484800 2.65 2.7297 2.42 2.45 5872927
167 Mon_Jun_17_00_00_00_EDT_2019 1560744000 2.46 2.47 2.32 2.38 1540425
168 Tue_Jun_18_00_00_00_EDT_2019 1560830400 2.4 2.5 2.33 2.36 1665979
169 Wed_Jun_19_00_00_00_EDT_2019 1560916800 2.4 2.79 2.3831 2.72 1988738
170 Thu_Jun_20_00_00_00_EDT_2019 1561003200 2.84 2.84 2.55 2.63 1216114
171 Fri_Jun_21_00_00_00_EDT_2019 1561089600 2.6 2.71 2.56 2.64 486627
174 Mon_Jun_24_00_00_00_EDT_2019 1561348800 2.68 2.695 2.53 2.56 399400
175 Tue_Jun_25_00_00_00_EDT_2019 1561435200 2.58 2.61 2.41 2.44 560749
176 Wed_Jun_26_00_00_00_EDT_2019 1561521600 2.44 2.57 2.37 2.43 429077
177 Thu_Jun_27_00_00_00_EDT_2019 1561608000 2.38 2.54 2.38 2.41 450176
178 Fri_Jun_28_00_00_00_EDT_2019 1561694400 2.43 2.43 2.33 2.36 654540
181 Mon_Jul_01_00_00_00_EDT_2019 1561953600 2.44 2.78 2.4 2.7154 1125556
182 Tue_Jul_02_00_00_00_EDT_2019 1562040000 2.68 2.73 2.51 2.66 639044
183 Wed_Jul_03_00_00_00_EDT_2019 1562126400 2.66 2.72 2.6 2.72 222602
185 Fri_Jul_05_00_00_00_EDT_2019 1562299200 2.69 2.78 2.62 2.73 301511
188 Mon_Jul_08_00_00_00_EDT_2019 1562558400 2.73 2.74 2.61 2.665 514120