38 Fri_Feb_08_00_00_00_EST_2019 1549602000 3.07 3.17 3.05 3.17 13372
41 Mon_Feb_11_00_00_00_EST_2019 1549861200 3.06 3.1 3.015 3.0847 2920
42 Tue_Feb_12_00_00_00_EST_2019 1549947600 3.09 3.135 3 3 4204
43 Wed_Feb_13_00_00_00_EST_2019 1550034000 3.0144 3.06 2.9 2.99 13484
44 Thu_Feb_14_00_00_00_EST_2019 1550120400 2.97 3.08 2.95 3 3428
45 Fri_Feb_15_00_00_00_EST_2019 1550206800 3.04 3.18 3 3.15 4920
50 Wed_Feb_20_00_00_00_EST_2019 1550638800 3.16 3.16 3.05 3.06 1484
51 Thu_Feb_21_00_00_00_EST_2019 1550725200 2.9648 2.998 2.9648 2.998 758
52 Fri_Feb_22_00_00_00_EST_2019 1550811600 3.07 3.1499 3.01 3.07 6694
55 Mon_Feb_25_00_00_00_EST_2019 1551070800 3.09 3.1811 3.06 3.1 4059
56 Tue_Feb_26_00_00_00_EST_2019 1551157200 3.1 3.1685 3 3.1 14464
57 Wed_Feb_27_00_00_00_EST_2019 1551243600 3.05 3.149 3.05 3.1 8015
58 Thu_Feb_28_00_00_00_EST_2019 1551330000 3.13 3.2 3.13 3.1589 2356
59 Fri_Mar_01_00_00_00_EST_2019 1551416400 3.12 3.19 3 3.05 34945
62 Mon_Mar_04_00_00_00_EST_2019 1551675600 3.11 3.15 3.105 3.15 1629
63 Tue_Mar_05_00_00_00_EST_2019 1551762000 3.16 3.16 3 3.01 5922
64 Wed_Mar_06_00_00_00_EST_2019 1551848400 3.08 3.184 3.0251 3.0251 4409
65 Thu_Mar_07_00_00_00_EST_2019 1551934800 3.05 3.147 3 3.0671 9845
66 Fri_Mar_08_00_00_00_EST_2019 1552021200 3.01 3.01 2.7757 2.8 27679
69 Mon_Mar_11_00_00_00_EDT_2019 1552276800 2.85 2.98 2.85 2.86 11559
70 Tue_Mar_12_00_00_00_EDT_2019 1552363200 2.92 2.95 2.56 2.7 38393
71 Wed_Mar_13_00_00_00_EDT_2019 1552449600 2.73 3.21 2.73 3.05 222909
72 Thu_Mar_14_00_00_00_EDT_2019 1552536000 3.1 3.6221 3.1 3.26 143033
73 Fri_Mar_15_00_00_00_EDT_2019 1552622400 3.7375 3.949 3.2201 3.5 213917
76 Mon_Mar_18_00_00_00_EDT_2019 1552881600 7 8.88 5.46 6.23 6148056
77 Tue_Mar_19_00_00_00_EDT_2019 1552968000 5.62 6.29 5.47 6.2 627507
78 Wed_Mar_20_00_00_00_EDT_2019 1553054400 6.1 6.29 5.75 6.15 173273
79 Thu_Mar_21_00_00_00_EDT_2019 1553140800 6.15 6.22 5.9 6.19 113688
80 Fri_Mar_22_00_00_00_EDT_2019 1553227200 6.14 6.8 6.116 6.75 183122
83 Mon_Mar_25_00_00_00_EDT_2019 1553486400 6.75 6.9482 6.29 6.82 170842
84 Tue_Mar_26_00_00_00_EDT_2019 1553572800 6.85 9.17 6.85 8.8311 406293
85 Wed_Mar_27_00_00_00_EDT_2019 1553659200 7.9 8.63 7.8601 8.41 258934
86 Thu_Mar_28_00_00_00_EDT_2019 1553745600 8.06 8.82 8.03 8.67 81481
87 Fri_Mar_29_00_00_00_EDT_2019 1553832000 9.2762 9.525 9.23 9.5 2163
90 Mon_Apr_01_00_00_00_EDT_2019 1554091200 9.58 12.88 9.58 12.3 922127
91 Tue_Apr_02_00_00_00_EDT_2019 1554177600 11.13 12.04 11.03 12 305505
92 Wed_Apr_03_00_00_00_EDT_2019 1554264000 12.06 12.2499 10.3012 10.37 264432
93 Thu_Apr_04_00_00_00_EDT_2019 1554350400 10.22 11.1804 9.4512 10.2 344079
94 Fri_Apr_05_00_00_00_EDT_2019 1554436800 10.47 10.9 10.0374 10.79 55490
97 Mon_Apr_08_00_00_00_EDT_2019 1554696000 10.76 12.75 10.6 12.71 267773
98 Tue_Apr_09_00_00_00_EDT_2019 1554782400 15.76 16.65 14.05 14.605 6909852
99 Wed_Apr_10_00_00_00_EDT_2019 1554868800 13.85 14.45 12.6015 12.81 1321136
100 Thu_Apr_11_00_00_00_EDT_2019 1554955200 12.5 14.25 12.34 13.51 809821
101 Fri_Apr_12_00_00_00_EDT_2019 1555041600 13.4 14.7 12.63 14.69 1926383
104 Mon_Apr_15_00_00_00_EDT_2019 1555300800 14.48 14.55 13.18 13.2554 634247
105 Tue_Apr_16_00_00_00_EDT_2019 1555387200 13.45 14.5 13.05 14.39 547357
106 Wed_Apr_17_00_00_00_EDT_2019 1555473600 14.43 14.43 13.6601 14.07 183130
